{
  "backbone": "flan-t5-xl",
  "benchmark": "Long_Sequence",
  "d_model": 2048,
  "tasks_found": [
    "yelp",
    "amazon",
    "mnli",
    "cb",
    "copa",
    "qqp",
    "rte",
    "imdb",
    "sst2",
    "dbpedia",
    "agnews",
    "yahoo",
    "multirc",
    "boolq",
    "wic"
  ],
  "subspace_k": 8,
  "whitened": false,
  "A1_effective_dim": {
    "yelp": {
      "evr_k95": 497,
      "participation_ratio": 9.659016609191895,
      "effective_rank": 57.489505767822266,
      "top5_eigvals": [
        0.09636557102203369,
        0.03919422626495361,
        0.01739560067653656,
        0.011969692073762417,
        0.010067712515592575
      ],
      "d": 2048,
      "n": 5000
    },
    "amazon": {
      "evr_k95": 662,
      "participation_ratio": 22.897558212280273,
      "effective_rank": 119.65899658203125,
      "top5_eigvals": [
        0.04599398374557495,
        0.03644111379981041,
        0.025104260072112083,
        0.013015633448958397,
        0.008696493692696095
      ],
      "d": 2048,
      "n": 5000
    },
    "mnli": {
      "evr_k95": 690,
      "participation_ratio": 20.368228912353516,
      "effective_rank": 121.70219421386719,
      "top5_eigvals": [
        0.06598223000764847,
        0.06219720095396042,
        0.029792435467243195,
        0.020698025822639465,
        0.010863512754440308
      ],
      "d": 2048,
      "n": 3000
    },
    "cb": {
      "evr_k95": 172,
      "participation_ratio": 18.20563316345215,
      "effective_rank": 69.87053680419922,
      "top5_eigvals": [
        0.08344101905822754,
        0.05173793062567711,
        0.013320752419531345,
        0.012741880491375923,
        0.009486561641097069
      ],
      "d": 2048,
      "n": 250
    },
    "copa": {
      "evr_k95": 261,
      "participation_ratio": 55.779457092285156,
      "effective_rank": 138.53749084472656,
      "top5_eigvals": [
        0.04204017296433449,
        0.026305677369236946,
        0.022168157622218132,
        0.019218076020479202,
        0.016857977956533432
      ],
      "d": 2048,
      "n": 400
    },
    "qqp": {
      "evr_k95": 558,
      "participation_ratio": 10.33236026763916,
      "effective_rank": 83.21056365966797,
      "top5_eigvals": [
        0.17008055746555328,
        0.035949643701314926,
        0.028943758457899094,
        0.01423009391874075,
        0.013044413179159164
      ],
      "d": 2048,
      "n": 2000
    },
    "rte": {
      "evr_k95": 618,
      "participation_ratio": 25.609188079833984,
      "effective_rank": 158.64764404296875,
      "top5_eigvals": [
        0.09685349464416504,
        0.0401400588452816,
        0.01991203799843788,
        0.01531219482421875,
        0.012478048913180828
      ],
      "d": 2048,
      "n": 2000
    },
    "imdb": {
      "evr_k95": 457,
      "participation_ratio": 22.738338470458984,
      "effective_rank": 96.64785766601562,
      "top5_eigvals": [
        0.051745761185884476,
        0.037348423153162,
        0.017777374014258385,
        0.014045490883290768,
        0.013246456161141396
      ],
      "d": 2048,
      "n": 2000
    },
    "sst2": {
      "evr_k95": 466,
      "participation_ratio": 10.486851692199707,
      "effective_rank": 68.38998413085938,
      "top5_eigvals": [
        0.12263870239257812,
        0.04996854439377785,
        0.021831920370459557,
        0.012290606275200844,
        0.010224084369838238
      ],
      "d": 2048,
      "n": 2000
    },
    "dbpedia": {
      "evr_k95": 560,
      "participation_ratio": 24.12451934814453,
      "effective_rank": 104.83084869384766,
      "top5_eigvals": [
        0.07513086497783661,
        0.05503739044070244,
        0.039086807519197464,
        0.027575388550758362,
        0.021824603900313377
      ],
      "d": 2048,
      "n": 14000
    },
    "agnews": {
      "evr_k95": 676,
      "participation_ratio": 43.43744659423828,
      "effective_rank": 177.3851318359375,
      "top5_eigvals": [
        0.04091332107782364,
        0.03605640307068825,
        0.027486363425850868,
        0.02038644440472126,
        0.015168550424277782
      ],
      "d": 2048,
      "n": 4000
    },
    "yahoo": {
      "evr_k95": 829,
      "participation_ratio": 21.493412017822266,
      "effective_rank": 153.71298217773438,
      "top5_eigvals": [
        0.11927638947963715,
        0.03468767926096916,
        0.024177879095077515,
        0.020373933017253876,
        0.017043130472302437
      ],
      "d": 2048,
      "n": 10000
    },
    "multirc": {
      "evr_k95": 280,
      "participation_ratio": 22.503328323364258,
      "effective_rank": 86.34114837646484,
      "top5_eigvals": [
        0.0773010179400444,
        0.06632061302661896,
        0.036391597241163254,
        0.021836183965206146,
        0.01684105582535267
      ],
      "d": 2048,
      "n": 2000
    },
    "boolq": {
      "evr_k95": 586,
      "participation_ratio": 32.724761962890625,
      "effective_rank": 165.52035522460938,
      "top5_eigvals": [
        0.08830635994672775,
        0.04453681409358978,
        0.024047790095210075,
        0.02054276131093502,
        0.016286898404359818
      ],
      "d": 2048,
      "n": 2000
    },
    "wic": {
      "evr_k95": 575,
      "participation_ratio": 28.687152862548828,
      "effective_rank": 150.73580932617188,
      "top5_eigvals": [
        0.04941847175359726,
        0.03290465846657753,
        0.01705390214920044,
        0.011947291903197765,
        0.009441317059099674
      ],
      "d": 2048,
      "n": 2000
    }
  },
  "A2_gaussianity": {
    "yelp": {
      "excess_kurtosis_top_pcs": [
        -0.2971786306529487,
        -1.297504199096949,
        -0.4732252967058015,
        -0.26019206240177306,
        -0.032686873565319186,
        1.3769452079545825,
        -0.0052983565201039085,
        0.4129943171537156,
        0.2727935045845453,
        1.2381528672945317
      ],
      "mean_abs_kurtosis": 0.5666971315930269
    },
    "amazon": {
      "excess_kurtosis_top_pcs": [
        -0.8530997475454343,
        -1.2606976355963893,
        -0.6554381234491995,
        -0.6811032201649048,
        0.12977674045779297,
        -0.07696122504996472,
        0.2966701941802321,
        0.11507403954139628,
        0.0007727992465085265,
        1.19373622493341
      ],
      "mean_abs_kurtosis": 0.5263329950165232
    },
    "mnli": {
      "excess_kurtosis_top_pcs": [
        -1.0450246009534827,
        -0.4509920507309215,
        -0.5994436587322776,
        1.141454820476918,
        -0.5780791203180913,
        0.3049098828417507,
        -0.10792058838458374,
        0.26966023559796426,
        0.07300647092312174,
        -0.16225106176231519
      ],
      "mean_abs_kurtosis": 0.47327424907214277
    },
    "cb": {
      "excess_kurtosis_top_pcs": [
        -0.10407553168902339,
        -0.6618679402123111,
        -0.059736887970364805,
        0.19606228998149078,
        0.48189149905549433,
        0.41908182124983595,
        0.02811037422945528,
        0.8639192800265496,
        0.8468542504013405,
        -0.3326961556498773
      ],
      "mean_abs_kurtosis": 0.3994296030465743
    },
    "copa": {
      "excess_kurtosis_top_pcs": [
        -1.6513236474272748,
        -0.25047347023101807,
        -0.2996827022723263,
        -0.2056146887415058,
        -0.5464529371597573,
        -0.3563412268943078,
        -0.1450148247233649,
        -0.29326821096085887,
        -0.18336993656826417,
        0.2032682113892128
      ],
      "mean_abs_kurtosis": 0.4134809856367891
    },
    "qqp": {
      "excess_kurtosis_top_pcs": [
        -0.6220324816398142,
        0.4279362869939578,
        -0.4577509329711469,
        -0.3296698863771592,
        -0.3430121636763941,
        1.3862767028229568,
        0.2907849179760955,
        -0.2714512868212551,
        0.030647842457115715,
        0.28952764854910473
      ],
      "mean_abs_kurtosis": 0.44490901502849994
    },
    "rte": {
      "excess_kurtosis_top_pcs": [
        -0.4609244662721994,
        -0.836299527931617,
        -0.3766063739310752,
        -0.5424194771329693,
        0.6628975820108605,
        -0.310514073138656,
        -0.1694035582765543,
        -0.22570634694352654,
        0.021389405542963758,
        -0.14065313091126574
      ],
      "mean_abs_kurtosis": 0.3746813942091688
    },
    "imdb": {
      "excess_kurtosis_top_pcs": [
        -0.16783450427952573,
        0.047718130887598686,
        0.3490118011509633,
        0.20253814671046255,
        0.01066961227774188,
        0.06726575130634993,
        -0.05311438333728846,
        0.11913063168010707,
        -0.08828458499354763,
        -0.27674958006036343
      ],
      "mean_abs_kurtosis": 0.13823171266839487
    },
    "sst2": {
      "excess_kurtosis_top_pcs": [
        -1.070188171680969,
        -1.3674129625049491,
        -0.4956573261193209,
        -0.01390339067693791,
        0.08188931644220165,
        -0.10373663139220612,
        -0.13987443916697773,
        -0.01649258218821048,
        0.7669504801357023,
        0.11860201647973412
      ],
      "mean_abs_kurtosis": 0.41747073167872095
    },
    "dbpedia": {
      "excess_kurtosis_top_pcs": [
        0.3563052657737922,
        -0.1058004263514456,
        0.2582097124919991,
        -0.5689967135175453,
        -0.20050947097130445,
        2.9485039380847766,
        -0.35611898427986466,
        -0.5091066158281103,
        0.08496310666712592,
        0.23321356766569368
      ],
      "mean_abs_kurtosis": 0.5621727801631659
    },
    "agnews": {
      "excess_kurtosis_top_pcs": [
        -0.7241815792473147,
        -0.02818947937782479,
        2.841206088133875,
        0.9808757556504548,
        0.19840432618428983,
        -0.4964285397458581,
        -0.40967933302397164,
        -0.3078725543236569,
        0.089793840950954,
        0.10963741622113732
      ],
      "mean_abs_kurtosis": 0.6186268912859336
    },
    "yahoo": {
      "excess_kurtosis_top_pcs": [
        -0.7109214417369536,
        -0.19397642873062404,
        -0.31477680686774834,
        0.02004424069099242,
        1.6277763837812111,
        0.10643991897976113,
        0.6318140736447804,
        -0.27134627115143184,
        -0.4244897529709557,
        -0.054643029804340326
      ],
      "mean_abs_kurtosis": 0.43562283483587994
    },
    "multirc": {
      "excess_kurtosis_top_pcs": [
        -0.8969658365422544,
        -0.6292091140629954,
        -0.21231234480873962,
        -0.06478924452122925,
        1.4218849926968158,
        0.7338629195733293,
        -0.2884215170558986,
        0.27784502889520857,
        0.3733832541408164,
        0.027739069658919924
      ],
      "mean_abs_kurtosis": 0.4926413321956208
    },
    "boolq": {
      "excess_kurtosis_top_pcs": [
        -0.2669154671677889,
        -1.0884698158875499,
        -0.5520448443961579,
        -0.626315124338297,
        -0.348442830707155,
        -0.3293191095739121,
        -0.3115045535524663,
        0.2923054698866445,
        -0.13580142517798865,
        -0.09264380428580399
      ],
      "mean_abs_kurtosis": 0.40437624449737636
    },
    "wic": {
      "excess_kurtosis_top_pcs": [
        -0.5654706673843544,
        -0.010899649081003826,
        -0.1312295896686746,
        -0.4353657621685132,
        -0.2610246455395133,
        -0.05814539179566047,
        0.0016082856116135247,
        0.40124613830295575,
        0.018666662926754896,
        0.07225366537031297
      ],
      "mean_abs_kurtosis": 0.1955910457849357
    }
  },
  "A2b_multimodality": {
    "yelp": {
      "bic_per_k": {
        "1": -426084.5565848562,
        "2": -430462.790901894,
        "3": -431960.27877039695,
        "4": -434356.44143168884,
        "5": -435489.2713819097
      },
      "best_k": 5,
      "multi_modal": true,
      "n_pcs_used": 30
    },
    "amazon": {
      "bic_per_k": {
        "1": -413007.2016498998,
        "2": -416406.5645945948,
        "3": -418034.7302302256,
        "4": -420846.22590908484,
        "5": -422570.84490513906
      },
      "best_k": 5,
      "multi_modal": true,
      "n_pcs_used": 30
    },
    "mnli": {
      "bic_per_k": {
        "1": -230196.90550742965,
        "2": -230536.8333195026,
        "3": -233092.04761304735,
        "4": -233409.22147464898,
        "5": -233795.32879302787
      },
      "best_k": 5,
      "multi_modal": true,
      "n_pcs_used": 30
    },
    "cb": {
      "bic_per_k": {
        "1": -17455.008484150123,
        "2": -17304.97050737096,
        "3": -17131.142392600927,
        "4": -16983.58713901959,
        "5": -16808.626420039443
      },
      "best_k": 1,
      "multi_modal": false,
      "n_pcs_used": 30
    },
    "copa": {
      "bic_per_k": {
        "1": -24409.01332457375,
        "2": -24508.5877098186,
        "3": -24327.96027488705,
        "4": -24194.538330845982,
        "5": -24054.243007280544
      },
      "best_k": 2,
      "multi_modal": true,
      "n_pcs_used": 30
    },
    "qqp": {
      "bic_per_k": {
        "1": -142650.73923050097,
        "2": -143938.82295337677,
        "3": -145611.25030069746,
        "4": -146471.98793498988,
        "5": -146593.72921289306
      },
      "best_k": 5,
      "multi_modal": true,
      "n_pcs_used": 30
    },
    "rte": {
      "bic_per_k": {
        "1": -133158.8981500249,
        "2": -133774.92751491646,
        "3": -134019.87088076232,
        "4": -134077.61870932495,
        "5": -134292.61584645728
      },
      "best_k": 5,
      "multi_modal": true,
      "n_pcs_used": 30
    },
    "imdb": {
      "bic_per_k": {
        "1": -152217.6912656136,
        "2": -153189.64421614012,
        "3": -153512.2795968517,
        "4": -153608.66026540493,
        "5": -153876.67406221223
      },
      "best_k": 5,
      "multi_modal": true,
      "n_pcs_used": 30
    },
    "sst2": {
      "bic_per_k": {
        "1": -156564.17166772563,
        "2": -156768.74350397818,
        "3": -157564.41583296997,
        "4": -158539.3236063202,
        "5": -158875.0300368893
      },
      "best_k": 5,
      "multi_modal": true,
      "n_pcs_used": 30
    },
    "dbpedia": {
      "bic_per_k": {
        "1": -878537.1429199944,
        "2": -915835.0494444666,
        "3": -942248.2233006718,
        "4": -953368.6485565087,
        "5": -980441.9348442772
      },
      "best_k": 5,
      "multi_modal": true,
      "n_pcs_used": 30
    },
    "agnews": {
      "bic_per_k": {
        "1": -269573.4344362458,
        "2": -274000.4012211748,
        "3": -276445.6754839094,
        "4": -281520.6833516021,
        "5": -283319.90556186537
      },
      "best_k": 5,
      "multi_modal": true,
      "n_pcs_used": 30
    },
    "yahoo": {
      "bic_per_k": {
        "1": -644374.9873384293,
        "2": -649541.3010997572,
        "3": -653643.656033338,
        "4": -660499.8351234247,
        "5": -659822.8685582897
      },
      "best_k": 4,
      "multi_modal": true,
      "n_pcs_used": 30
    },
    "multirc": {
      "bic_per_k": {
        "1": -123579.80187703653,
        "2": -127515.2100070161,
        "3": -129989.54193468366,
        "4": -132460.28636055233,
        "5": -133811.91543445404
      },
      "best_k": 5,
      "multi_modal": true,
      "n_pcs_used": 30
    },
    "boolq": {
      "bic_per_k": {
        "1": -121509.21649449992,
        "2": -121746.75220772404,
        "3": -122790.91345983447,
        "4": -123432.72282052872,
        "5": -124418.40202659373
      },
      "best_k": 5,
      "multi_modal": true,
      "n_pcs_used": 30
    },
    "wic": {
      "bic_per_k": {
        "1": -160464.0087729864,
        "2": -161064.4206290863,
        "3": -160910.65702912348,
        "4": -161200.76273050305,
        "5": -161448.45013025
      },
      "best_k": 5,
      "multi_modal": true,
      "n_pcs_used": 30
    }
  },
  "A3_centroid_distances": {
    "tasks": [
      "yelp",
      "amazon",
      "mnli",
      "cb",
      "copa",
      "qqp",
      "rte",
      "imdb",
      "sst2",
      "dbpedia",
      "agnews",
      "yahoo",
      "multirc",
      "boolq",
      "wic"
    ],
    "cosine_dist": [
      [
        0.0,
        0.056783318519592285,
        0.29494690895080566,
        0.29933416843414307,
        0.39659225940704346,
        0.32527023553848267,
        0.29634422063827515,
        0.1189720630645752,
        0.4476344585418701,
        0.3078625202178955,
        0.38968366384506226,
        0.22571414709091187,
        0.22551345825195312,
        0.23385685682296753,
        0.49991369247436523
      ],
      [
        0.056783318519592285,
        0.0,
        0.25282835960388184,
        0.292765736579895,
        0.3645355701446533,
        0.28194499015808105,
        0.26780223846435547,
        0.11150336265563965,
        0.3727684020996094,
        0.2908015847206116,
        0.3607664704322815,
        0.21539664268493652,
        0.23545467853546143,
        0.22646242380142212,
        0.4662466049194336
      ],
      [
        0.29494690895080566,
        0.25282835960388184,
        0.0,
        0.17880022525787354,
        0.23380208015441895,
        0.1355959177017212,
        0.127005934715271,
        0.35064947605133057,
        0.3382892608642578,
        0.38705289363861084,
        0.4574565887451172,
        0.3341856002807617,
        0.3052327036857605,
        0.24016129970550537,
        0.26821959018707275
      ],
      [
        0.29933416843414307,
        0.292765736579895,
        0.17880022525787354,
        0.0,
        0.36425894498825073,
        0.29382407665252686,
        0.16349107027053833,
        0.2730702757835388,
        0.4464556574821472,
        0.35167843103408813,
        0.427600622177124,
        0.2553058862686157,
        0.2187862992286682,
        0.21132022142410278,
        0.33747732639312744
      ],
      [
        0.39659225940704346,
        0.3645355701446533,
        0.23380208015441895,
        0.36425894498825073,
        0.0,
        0.26078009605407715,
        0.31091606616973877,
        0.5014619827270508,
        0.44241082668304443,
        0.5088858604431152,
        0.5491150617599487,
        0.46805620193481445,
        0.42660605907440186,
        0.37696969509124756,
        0.39546310901641846
      ],
      [
        0.32527023553848267,
        0.28194499015808105,
        0.1355959177017212,
        0.29382407665252686,
        0.26078009605407715,
        0.0,
        0.19745725393295288,
        0.3827100992202759,
        0.41714727878570557,
        0.3786921501159668,
        0.45326822996139526,
        0.2987244129180908,
        0.36911165714263916,
        0.27471911907196045,
        0.27334117889404297
      ],
      [
        0.29634422063827515,
        0.26780223846435547,
        0.127005934715271,
        0.16349107027053833,
        0.31091606616973877,
        0.19745725393295288,
        0.0,
        0.2906033992767334,
        0.4882507920265198,
        0.33015596866607666,
        0.397544264793396,
        0.3013274669647217,
        0.1902044415473938,
        0.12828999757766724,
        0.35179615020751953
      ],
      [
        0.1189720630645752,
        0.11150336265563965,
        0.35064947605133057,
        0.2730702757835388,
        0.5014619827270508,
        0.3827100992202759,
        0.2906033992767334,
        0.0,
        0.49436265230178833,
        0.26915037631988525,
        0.36805737018585205,
        0.18919646739959717,
        0.17140674591064453,
        0.20572757720947266,
        0.53026282787323
      ],
      [
        0.4476344585418701,
        0.3727684020996094,
        0.3382892608642578,
        0.4464556574821472,
        0.44241082668304443,
        0.41714727878570557,
        0.4882507920265198,
        0.49436265230178833,
        0.0,
        0.5255908370018005,
        0.5000643730163574,
        0.49211710691452026,
        0.6258410215377808,
        0.556652843952179,
        0.40169376134872437
      ],
      [
        0.3078625202178955,
        0.2908015847206116,
        0.38705289363861084,
        0.35167843103408813,
        0.5088858604431152,
        0.3786921501159668,
        0.33015596866607666,
        0.26915037631988525,
        0.5255908370018005,
        0.0,
        0.2133488655090332,
        0.14764726161956787,
        0.3235708475112915,
        0.2778211832046509,
        0.46951061487197876
      ],
      [
        0.38968366384506226,
        0.3607664704322815,
        0.4574565887451172,
        0.427600622177124,
        0.5491150617599487,
        0.45326822996139526,
        0.397544264793396,
        0.36805737018585205,
        0.5000643730163574,
        0.2133488655090332,
        0.0,
        0.2183929681777954,
        0.45580029487609863,
        0.4375576972961426,
        0.5349410176277161
      ],
      [
        0.22571414709091187,
        0.21539664268493652,
        0.3341856002807617,
        0.2553058862686157,
        0.46805620193481445,
        0.2987244129180908,
        0.3013274669647217,
        0.18919646739959717,
        0.49211710691452026,
        0.14764726161956787,
        0.2183929681777954,
        0.0,
        0.2584972381591797,
        0.24535787105560303,
        0.4445887804031372
      ],
      [
        0.22551345825195312,
        0.23545467853546143,
        0.3052327036857605,
        0.2187862992286682,
        0.42660605907440186,
        0.36911165714263916,
        0.1902044415473938,
        0.17140674591064453,
        0.6258410215377808,
        0.3235708475112915,
        0.45580029487609863,
        0.2584972381591797,
        0.0,
        0.06285393238067627,
        0.5220471620559692
      ],
      [
        0.23385685682296753,
        0.22646242380142212,
        0.24016129970550537,
        0.21132022142410278,
        0.37696969509124756,
        0.27471911907196045,
        0.12828999757766724,
        0.20572757720947266,
        0.556652843952179,
        0.2778211832046509,
        0.4375576972961426,
        0.24535787105560303,
        0.06285393238067627,
        0.0,
        0.4465574622154236
      ],
      [
        0.49991369247436523,
        0.4662466049194336,
        0.26821959018707275,
        0.33747732639312744,
        0.39546310901641846,
        0.27334117889404297,
        0.35179615020751953,
        0.53026282787323,
        0.40169376134872437,
        0.46951061487197876,
        0.5349410176277161,
        0.4445887804031372,
        0.5220471620559692,
        0.4465574622154236,
        0.0
      ]
    ],
    "l2_dist": [
      [
        0.0,
        0.37249523401260376,
        0.9012038111686707,
        0.898453414440155,
        1.1226849555969238,
        0.9647770524024963,
        0.860510528087616,
        0.5845163464546204,
        1.0796442031860352,
        0.9169844388961792,
        0.9566419124603271,
        0.7827404141426086,
        0.9607834219932556,
        0.8841640949249268,
        1.245988368988037
      ],
      [
        0.37249523401260376,
        0.0,
        0.8214665055274963,
        0.8713378310203552,
        1.065190076828003,
        0.8862597942352295,
        0.7969807386398315,
        0.5671639442443848,
        0.9622926712036133,
        0.8750331997871399,
        0.8916559815406799,
        0.7525859475135803,
        0.9825735688209534,
        0.869101881980896,
        1.1852744817733765
      ],
      [
        0.9012038111686707,
        0.8214665055274963,
        0.0,
        0.7205783724784851,
        0.8886508345603943,
        0.6434064507484436,
        0.594846248626709,
        1.0251898765563965,
        0.9777568578720093,
        1.0654208660125732,
        1.0889697074890137,
        0.9865513443946838,
        1.1025320291519165,
        0.9080977439880371,
        0.9434933662414551
      ],
      [
        0.898453414440155,
        0.8713378310203552,
        0.7205783724784851,
        0.0,
        1.0979243516921997,
        0.9393926858901978,
        0.6645180583000183,
        0.8978504538536072,
        1.1126617193222046,
        1.0071535110473633,
        1.0420492887496948,
        0.8550004363059998,
        0.9467360973358154,
        0.8506450057029724,
        1.0503038167953491
      ],
      [
        1.1226849555969238,
        1.065190076828003,
        0.8886508345603943,
        1.0979243516921997,
        0.0,
        0.9465847611427307,
        0.9986445307731628,
        1.3006324768066406,
        1.1954693794250488,
        1.2989850044250488,
        1.2834486961364746,
        1.24315345287323,
        1.3340699672698975,
        1.1839354038238525,
        1.1993212699890137
      ],
      [
        0.9647770524024963,
        0.8862597942352295,
        0.6434064507484436,
        0.9393926858901978,
        0.9465847611427307,
        0.0,
        0.7550825476646423,
        1.0875388383865356,
        1.1046608686447144,
        1.0710378885269165,
        1.107033610343933,
        0.9485352635383606,
        1.2131826877593994,
        0.9786792993545532,
        0.9625031352043152
      ],
      [
        0.860510528087616,
        0.7969807386398315,
        0.594846248626709,
        0.6645180583000183,
        0.9986445307731628,
        0.7550825476646423,
        0.0,
        0.9016019701957703,
        1.1241053342819214,
        0.9469462037086487,
        0.9624537229537964,
        0.901022732257843,
        0.8970102071762085,
        0.6769053339958191,
        1.0503534078598022
      ],
      [
        0.5845163464546204,
        0.5671639442443848,
        1.0251898765563965,
        0.8978504538536072,
        1.3006324768066406,
        1.0875388383865356,
        0.9016019701957703,
        0.0,
        1.1914787292480469,
        0.8956537246704102,
        0.9906560182571411,
        0.7487331628799438,
        0.8493199944496155,
        0.8455706238746643,
        1.3290756940841675
      ],
      [
        1.0796442031860352,
        0.9622926712036133,
        0.9777568578720093,
        1.1126617193222046,
        1.1954693794250488,
        1.1046608686447144,
        1.1241053342819214,
        1.1914787292480469,
        0.0,
        1.2139945030212402,
        1.104536771774292,
        1.1702450513839722,
        1.5259406566619873,
        1.347324252128601,
        1.132625937461853
      ],
      [
        0.9169844388961792,
        0.8750331997871399,
        1.0654208660125732,
        1.0071535110473633,
        1.2989850044250488,
        1.0710378885269165,
        0.9469462037086487,
        0.8956537246704102,
        1.2139945030212402,
        0.0,
        0.7507069706916809,
        0.6537023186683655,
        1.1315345764160156,
        0.9730417132377625,
        1.2404453754425049
      ],
      [
        0.9566419124603271,
        0.8916559815406799,
        1.0889697074890137,
        1.0420492887496948,
        1.2834486961364746,
        1.107033610343933,
        0.9624537229537964,
        0.9906560182571411,
        1.104536771774292,
        0.7507069706916809,
        0.0,
        0.7546417713165283,
        1.2901709079742432,
        1.1651731729507446,
        1.258217453956604
      ],
      [
        0.7827404141426086,
        0.7525859475135803,
        0.9865513443946838,
        0.8550004363059998,
        1.24315345287323,
        0.9485352635383606,
        0.901022732257843,
        0.7487331628799438,
        1.1702450513839722,
        0.6537023186683655,
        0.7546417713165283,
        0.0,
        1.0201773643493652,
        0.9145641922950745,
        1.2041964530944824
      ],
      [
        0.9607834219932556,
        0.9825735688209534,
        1.1025320291519165,
        0.9467360973358154,
        1.3340699672698975,
        1.2131826877593994,
        0.8970102071762085,
        0.8493199944496155,
        1.5259406566619873,
        1.1315345764160156,
        1.2901709079742432,
        1.0201773643493652,
        0.0,
        0.5314961671829224,
        1.4678796529769897
      ],
      [
        0.8841640949249268,
        0.869101881980896,
        0.9080977439880371,
        0.8506450057029724,
        1.1839354038238525,
        0.9786792993545532,
        0.6769053339958191,
        0.8455706238746643,
        1.347324252128601,
        0.9730417132377625,
        1.1651731729507446,
        0.9145641922950745,
        0.5314961671829224,
        0.0,
        1.282156229019165
      ],
      [
        1.245988368988037,
        1.1852744817733765,
        0.9434933662414551,
        1.0503038167953491,
        1.1993212699890137,
        0.9625031352043152,
        1.0503534078598022,
        1.3290756940841675,
        1.132625937461853,
        1.2404453754425049,
        1.258217453956604,
        1.2041964530944824,
        1.4678796529769897,
        1.282156229019165,
        0.0
      ]
    ]
  },
  "A4_subspace_distances": {
    "tasks": [
      "yelp",
      "amazon",
      "mnli",
      "cb",
      "copa",
      "qqp",
      "rte",
      "imdb",
      "sst2",
      "dbpedia",
      "agnews",
      "yahoo",
      "multirc",
      "boolq",
      "wic"
    ],
    "k": 8,
    "geodesic": [
      [
        0.0,
        2.750638008117676,
        3.6202290058135986,
        3.751086950302124,
        3.8306081295013428,
        3.788217306137085,
        3.782597303390503,
        2.836087226867676,
        3.3800764083862305,
        3.8907811641693115,
        3.919529914855957,
        3.5102896690368652,
        3.6786680221557617,
        3.770933151245117,
        3.8663432598114014
      ],
      [
        2.750638008117676,
        0.0,
        3.53682804107666,
        3.746882677078247,
        3.783412218093872,
        3.621839761734009,
        3.6648948192596436,
        2.6526505947113037,
        3.1194190979003906,
        3.719651222229004,
        3.8949239253997803,
        3.370668888092041,
        3.7546424865722656,
        3.658658742904663,
        3.761824607849121
      ],
      [
        3.6202290058135986,
        3.53682804107666,
        0.0,
        2.893310785293579,
        3.4480152130126953,
        2.9571170806884766,
        2.7457566261291504,
        3.732051372528076,
        3.4909229278564453,
        3.851724147796631,
        3.9174094200134277,
        3.448826313018799,
        3.542964458465576,
        3.353360652923584,
        3.121245861053467
      ],
      [
        3.751086950302124,
        3.746882677078247,
        2.893310785293579,
        0.0,
        3.5295920372009277,
        3.4470760822296143,
        3.113835096359253,
        3.641695976257324,
        3.6380269527435303,
        3.8381145000457764,
        3.7858517169952393,
        3.368589401245117,
        3.3014276027679443,
        3.3792948722839355,
        3.3834357261657715
      ],
      [
        3.8306081295013428,
        3.783412218093872,
        3.4480152130126953,
        3.5295920372009277,
        0.0,
        3.588766574859619,
        3.59525203704834,
        3.936872959136963,
        3.752216100692749,
        4.089077949523926,
        3.9950881004333496,
        3.7792985439300537,
        3.7089591026306152,
        3.7605578899383545,
        3.64927339553833
      ],
      [
        3.788217306137085,
        3.621839761734009,
        2.9571170806884766,
        3.4470760822296143,
        3.588766574859619,
        0.0,
        3.1651506423950195,
        3.777570962905884,
        3.6718342304229736,
        3.8020424842834473,
        3.9314074516296387,
        3.1897919178009033,
        3.5422959327697754,
        3.321561574935913,
        3.2212159633636475
      ],
      [
        3.782597303390503,
        3.6648948192596436,
        2.7457566261291504,
        3.113835096359253,
        3.59525203704834,
        3.1651506423950195,
        0.0,
        3.69486665725708,
        3.751124143600464,
        3.6303117275238037,
        3.3780529499053955,
        3.48614764213562,
        3.216784954071045,
        2.9741852283477783,
        3.4712624549865723
      ],
      [
        2.836087226867676,
        2.6526505947113037,
        3.732051372528076,
        3.641695976257324,
        3.936872959136963,
        3.777570962905884,
        3.69486665725708,
        0.0,
        3.2321927547454834,
        3.8421244621276855,
        3.8753819465637207,
        3.3430583477020264,
        3.6957175731658936,
        3.6730284690856934,
        3.8754868507385254
      ],
      [
        3.3800764083862305,
        3.1194190979003906,
        3.4909229278564453,
        3.6380269527435303,
        3.752216100692749,
        3.6718342304229736,
        3.751124143600464,
        3.2321927547454834,
        0.0,
        3.95162034034729,
        3.9737274646759033,
        3.686001777648926,
        3.8411548137664795,
        3.8130009174346924,
        3.7465572357177734
      ],
      [
        3.8907811641693115,
        3.719651222229004,
        3.851724147796631,
        3.8381145000457764,
        4.089077949523926,
        3.8020424842834473,
        3.6303117275238037,
        3.8421244621276855,
        3.95162034034729,
        0.0,
        3.587474822998047,
        3.4687745571136475,
        3.6426069736480713,
        3.373424768447876,
        3.8316829204559326
      ],
      [
        3.919529914855957,
        3.8949239253997803,
        3.9174094200134277,
        3.7858517169952393,
        3.9950881004333496,
        3.9314074516296387,
        3.3780529499053955,
        3.8753819465637207,
        3.9737274646759033,
        3.587474822998047,
        0.0,
        3.5808944702148438,
        3.757950782775879,
        3.6601150035858154,
        3.96877384185791
      ],
      [
        3.5102896690368652,
        3.370668888092041,
        3.448826313018799,
        3.368589401245117,
        3.7792985439300537,
        3.1897919178009033,
        3.48614764213562,
        3.3430583477020264,
        3.686001777648926,
        3.4687745571136475,
        3.5808944702148438,
        0.0,
        3.505791664123535,
        3.34393572807312,
        3.624337911605835
      ],
      [
        3.6786680221557617,
        3.7546424865722656,
        3.542964458465576,
        3.3014276027679443,
        3.7089591026306152,
        3.5422959327697754,
        3.216784954071045,
        3.6957175731658936,
        3.8411548137664795,
        3.6426069736480713,
        3.757950782775879,
        3.505791664123535,
        0.0,
        3.233549118041992,
        3.7407126426696777
      ],
      [
        3.770933151245117,
        3.658658742904663,
        3.353360652923584,
        3.3792948722839355,
        3.7605578899383545,
        3.321561574935913,
        2.9741852283477783,
        3.6730284690856934,
        3.8130009174346924,
        3.373424768447876,
        3.6601150035858154,
        3.34393572807312,
        3.233549118041992,
        0.0,
        3.5783956050872803
      ],
      [
        3.8663432598114014,
        3.761824607849121,
        3.121245861053467,
        3.3834357261657715,
        3.64927339553833,
        3.2212159633636475,
        3.4712624549865723,
        3.8754868507385254,
        3.7465572357177734,
        3.8316829204559326,
        3.96877384185791,
        3.624337911605835,
        3.7407126426696777,
        3.5783956050872803,
        0.0
      ]
    ],
    "chordal": [
      [
        0.0,
        2.0465188026428223,
        2.648569107055664,
        2.691659450531006,
        2.727940797805786,
        2.6988589763641357,
        2.695519208908081,
        2.2234129905700684,
        2.5067334175109863,
        2.709177255630493,
        2.732987642288208,
        2.56750226020813,
        2.6686184406280518,
        2.6825180053710938,
        2.7259902954101562
      ],
      [
        2.0465188026428223,
        0.0,
        2.6212875843048096,
        2.675957202911377,
        2.7150347232818604,
        2.650651216506958,
        2.6700241565704346,
        2.12695574760437,
        2.4154021739959717,
        2.6465904712677,
        2.733621835708618,
        2.538665771484375,
        2.692776679992676,
        2.6610169410705566,
        2.702794075012207
      ],
      [
        2.648569107055664,
        2.6212875843048096,
        0.0,
        2.282836437225342,
        2.5711562633514404,
        2.2967402935028076,
        2.1347391605377197,
        2.692964792251587,
        2.585566282272339,
        2.711286783218384,
        2.735804796218872,
        2.5851213932037354,
        2.5900750160217285,
        2.492534875869751,
        2.4150893688201904
      ],
      [
        2.691659450531006,
        2.675957202911377,
        2.282836437225342,
        0.0,
        2.612800121307373,
        2.5790882110595703,
        2.4193906784057617,
        2.636404514312744,
        2.6645865440368652,
        2.704059600830078,
        2.6934311389923096,
        2.5362977981567383,
        2.51155948638916,
        2.522151231765747,
        2.5596909523010254
      ],
      [
        2.727940797805786,
        2.7150347232818604,
        2.5711562633514404,
        2.612800121307373,
        0.0,
        2.6481943130493164,
        2.630610942840576,
        2.7508325576782227,
        2.6956613063812256,
        2.7937939167022705,
        2.7736711502075195,
        2.7190890312194824,
        2.675696849822998,
        2.6956379413604736,
        2.6506338119506836
      ],
      [
        2.6988589763641357,
        2.650651216506958,
        2.2967402935028076,
        2.5790882110595703,
        2.6481943130493164,
        0.0,
        2.4011828899383545,
        2.691152334213257,
        2.6708743572235107,
        2.7015280723571777,
        2.738372325897217,
        2.400376081466675,
        2.6332876682281494,
        2.503326416015625,
        2.4281673431396484
      ],
      [
        2.695519208908081,
        2.6700241565704346,
        2.1347391605377197,
        2.4193906784057617,
        2.630610942840576,
        2.4011828899383545,
        0.0,
        2.6530513763427734,
        2.7049620151519775,
        2.622072219848633,
        2.5191431045532227,
        2.5930018424987793,
        2.455136299133301,
        2.311216354370117,
        2.5704028606414795
      ],
      [
        2.2234129905700684,
        2.12695574760437,
        2.692964792251587,
        2.636404514312744,
        2.7508325576782227,
        2.691152334213257,
        2.6530513763427734,
        0.0,
        2.459868907928467,
        2.689561605453491,
        2.684413433074951,
        2.493865728378296,
        2.6313424110412598,
        2.6353495121002197,
        2.72375226020813
      ],
      [
        2.5067334175109863,
        2.4154021739959717,
        2.585566282272339,
        2.6645865440368652,
        2.6956613063812256,
        2.6708743572235107,
        2.7049620151519775,
        2.459868907928467,
        0.0,
        2.748863935470581,
        2.77252459526062,
        2.661827802658081,
        2.73880934715271,
        2.72426176071167,
        2.673990249633789
      ],
      [
        2.709177255630493,
        2.6465904712677,
        2.711286783218384,
        2.704059600830078,
        2.7937939167022705,
        2.7015280723571777,
        2.622072219848633,
        2.689561605453491,
        2.748863935470581,
        0.0,
        2.6305480003356934,
        2.557831287384033,
        2.65783429145813,
        2.5406765937805176,
        2.712036371231079
      ],
      [
        2.732987642288208,
        2.733621835708618,
        2.735804796218872,
        2.6934311389923096,
        2.7736711502075195,
        2.738372325897217,
        2.5191431045532227,
        2.684413433074951,
        2.77252459526062,
        2.6305480003356934,
        0.0,
        2.5504629611968994,
        2.6888341903686523,
