{
  "backbone": "Llama-2-7b-hf",
  "benchmark": "SuperNI",
  "d_model": 4096,
  "tasks_found": [
    "task1687_sentiment140_classification",
    "task363_sst2_polarity_classification",
    "task875_emotion_classification",
    "task073_commonsenseqa_answer_generation",
    "task591_sciq_answer_generation",
    "task002_quoref_answer_generation",
    "task1290_xsum_summarization",
    "task1572_samsum_summary",
    "task511_reddit_tifu_long_text_summarization",
    "task181_outcome_extraction",
    "task748_glucose_reverse_cause_event_detection",
    "task1510_evalution_relation_extraction",
    "task639_multi_woz_user_utterance_generation",
    "task1590_diplomacy_text_generation",
    "task1729_personachat_generate_next"
  ],
  "subspace_k": 8,
  "whitened": false,
  "A1_effective_dim": {
    "task1687_sentiment140_classification": {
      "evr_k95": 199,
      "participation_ratio": 8.514093399047852,
      "effective_rank": 32.8044548034668,
      "top5_eigvals": [
        3334.2119140625,
        1417.7855224609375,
        852.2402954101562,
        667.9563598632812,
        408.0915832519531
      ],
      "d": 4096,
      "n": 1000
    },
    "task363_sst2_polarity_classification": {
      "evr_k95": 211,
      "participation_ratio": 8.427267074584961,
      "effective_rank": 33.657562255859375,
      "top5_eigvals": [
        3171.43359375,
        1902.96044921875,
        739.37646484375,
        488.2852478027344,
        327.98956298828125
      ],
      "d": 4096,
      "n": 1000
    },
    "task875_emotion_classification": {
      "evr_k95": 162,
      "participation_ratio": 9.890518188476562,
      "effective_rank": 30.758563995361328,
      "top5_eigvals": [
        2414.155517578125,
        1908.4281005859375,
        1015.5193481445312,
        683.8665771484375,
        367.2665710449219
      ],
      "d": 4096,
      "n": 1000
    },
    "task073_commonsenseqa_answer_generation": {
      "evr_k95": 245,
      "participation_ratio": 7.709203243255615,
      "effective_rank": 31.05014991760254,
      "top5_eigvals": [
        3152.935302734375,
        1398.1453857421875,
        876.6297607421875,
        532.1941528320312,
        447.9375305175781
      ],
      "d": 4096,
      "n": 975
    },
    "task591_sciq_answer_generation": {
      "evr_k95": 364,
      "participation_ratio": 12.909174919128418,
      "effective_rank": 60.25083541870117,
      "top5_eigvals": [
        2433.2587890625,
        1533.5594482421875,
        972.16796875,
        551.4013061523438,
        379.94671630859375
      ],
      "d": 4096,
      "n": 1000
    },
    "task002_quoref_answer_generation": {
      "evr_k95": 526,
      "participation_ratio": 32.672279357910156,
      "effective_rank": 171.06541442871094,
      "top5_eigvals": [
        1613.63720703125,
        871.7927856445312,
        633.1356201171875,
        386.07275390625,
        277.9332275390625
      ],
      "d": 4096,
      "n": 1000
    },
    "task1290_xsum_summarization": {
      "evr_k95": 522,
      "participation_ratio": 24.804964065551758,
      "effective_rank": 142.7876434326172,
      "top5_eigvals": [
        1832.8089599609375,
        852.2086791992188,
        685.340576171875,
        462.9638366699219,
        283.33642578125
      ],
      "d": 4096,
      "n": 1000
    },
    "task1572_samsum_summary": {
      "evr_k95": 63,
      "participation_ratio": 7.280311107635498,
      "effective_rank": 19.803712844848633,
      "top5_eigvals": [
        2993.6826171875,
        2129.9208984375,
        803.0615844726562,
        496.8002624511719,
        304.2436828613281
      ],
      "d": 4096,
      "n": 160
    },
    "task511_reddit_tifu_long_text_summarization": {
      "evr_k95": 487,
      "participation_ratio": 20.279714584350586,
      "effective_rank": 110.82691955566406,
      "top5_eigvals": [
        1948.4945068359375,
        882.4905395507812,
        501.6993408203125,
        392.0428771972656,
        342.33697509765625
      ],
      "d": 4096,
      "n": 1000
    },
    "task181_outcome_extraction": {
      "evr_k95": 138,
      "participation_ratio": 11.916899681091309,
      "effective_rank": 40.97806930541992,
      "top5_eigvals": [
        2327.9453125,
        1239.81787109375,
        689.8688354492188,
        457.0953674316406,
        329.16778564453125
      ],
      "d": 4096,
      "n": 338
    },
    "task748_glucose_reverse_cause_event_detection": {
      "evr_k95": 391,
      "participation_ratio": 12.221769332885742,
      "effective_rank": 63.05393600463867,
      "top5_eigvals": [
        2114.75439453125,
        1179.437744140625,
        563.4307250976562,
        419.1852722167969,
        318.44268798828125
      ],
      "d": 4096,
      "n": 1000
    },
    "task1510_evalution_relation_extraction": {
      "evr_k95": 125,
      "participation_ratio": 4.620942115783691,
      "effective_rank": 15.428400039672852,
      "top5_eigvals": [
        3373.693115234375,
        1024.0223388671875,
        851.838623046875,
        430.4593811035156,
        249.32260131835938
      ],
      "d": 4096,
      "n": 1000
    },
    "task639_multi_woz_user_utterance_generation": {
      "evr_k95": 57,
      "participation_ratio": 7.303562641143799,
      "effective_rank": 19.509267807006836,
      "top5_eigvals": [
        3697.254150390625,
        1825.7255859375,
        1079.410888671875,
        525.968017578125,
        428.4649963378906
      ],
      "d": 4096,
      "n": 142
    },
    "task1590_diplomacy_text_generation": {
      "evr_k95": 63,
      "participation_ratio": 11.62047004699707,
      "effective_rank": 28.268747329711914,
      "top5_eigvals": [
        2333.1025390625,
        1594.2056884765625,
        830.62109375,
        534.648681640625,
        468.5060729980469
      ],
      "d": 4096,
      "n": 126
    },
    "task1729_personachat_generate_next": {
      "evr_k95": 247,
      "participation_ratio": 9.800097465515137,
      "effective_rank": 40.74234390258789,
      "top5_eigvals": [
        2846.911865234375,
        1641.569091796875,
        641.2423706054688,
        571.4639282226562,
        423.8636474609375
      ],
      "d": 4096,
      "n": 1000
    }
  },
  "A2_gaussianity": {
    "task1687_sentiment140_classification": {
      "excess_kurtosis_top_pcs": [
        -1.3016412477842483,
        -1.4041575928218089,
        -0.2367710908726588,
        0.13834635505809656,
        0.43663289798012306,
        0.2769422497749212,
        0.05112756508888383,
        0.9550879958099374,
        4.426820921345474,
        0.2819891832645487
      ],
      "mean_abs_kurtosis": 0.95095170998007
    },
    "task363_sst2_polarity_classification": {
      "excess_kurtosis_top_pcs": [
        -0.9904376208482932,
        -1.7175683761410308,
        -0.023588907804665826,
        0.9024316057843387,
        2.373434139069146,
        0.8516588819209194,
        0.3796993069011161,
        2.1616500697628833,
        0.6780943965998532,
        4.9931598738309955
      ],
      "mean_abs_kurtosis": 1.5071723178663243
    },
    "task875_emotion_classification": {
      "excess_kurtosis_top_pcs": [
        -0.6755404874367787,
        -1.382765906655007,
        -0.6441756393500979,
        0.19605588006794683,
        0.8156236655168532,
        0.2408719258855827,
        0.05333213417672855,
        0.906724257916451,
        2.6682265242446057,
        0.993660775376763
      ],
      "mean_abs_kurtosis": 0.8576977196626814
    },
    "task073_commonsenseqa_answer_generation": {
      "excess_kurtosis_top_pcs": [
        -1.046179479778092,
        -1.5888028589038914,
        0.799180568096928,
        0.5454882234849419,
        -0.8856784271256681,
        1.2391440535848401,
        -0.07314369194685888,
        4.278113135769958,
        -0.06759670777795268,
        0.2904367226119926
      ],
      "mean_abs_kurtosis": 1.0813763869081126
    },
    "task591_sciq_answer_generation": {
      "excess_kurtosis_top_pcs": [
        -0.505862796946341,
        -1.2265831342683673,
        -0.6637751515444696,
        0.28223872496464963,
        0.41182250630944006,
        0.0941895820078078,
        0.8179890473823423,
        2.094930783856631,
        -0.1769572693158672,
        -0.02998478839905694
      ],
      "mean_abs_kurtosis": 0.6304333784994973
    },
    "task002_quoref_answer_generation": {
      "excess_kurtosis_top_pcs": [
        0.42811461323979705,
        0.504697597165821,
        0.30856255743630356,
        -0.5702592089289329,
        3.357642548584038,
        0.2554240356180095,
        0.6347296414283119,
        0.5507550578882761,
        4.896432767040889,
        0.04467756201536455
      ],
      "mean_abs_kurtosis": 1.1551295589345743
    },
    "task1290_xsum_summarization": {
      "excess_kurtosis_top_pcs": [
        -0.7009313043819794,
        -0.028139439543844347,
        -0.19456661623745752,
        1.8372595672094452,
        -0.3076066878637027,
        0.48270677307136767,
        0.603897310833108,
        1.1781328633667645,
        1.3571258217920308,
        2.3840504056246568
      ],
      "mean_abs_kurtosis": 0.9074416789924357
    },
    "task1572_samsum_summary": {
      "excess_kurtosis_top_pcs": [
        -0.859930399961987,
        -1.266877307841727,
        2.803945526727225,
        1.3503677281052946,
        1.56634691220457,
        2.9092558892871896,
        3.51912548127486,
        3.6295748538935646,
        2.58374396918781,
        2.5881506351948547
      ],
      "mean_abs_kurtosis": 2.3077318703679084
    },
    "task511_reddit_tifu_long_text_summarization": {
      "excess_kurtosis_top_pcs": [
        0.03400622711104573,
        -0.7590419249396172,
        2.5064955000691054,
        -0.5482722490620824,
        1.5121881231862746,
        0.4376580796631506,
        0.09126307300277725,
        1.9428761646529766,
        0.3927924717540008,
        0.7220072583328725
      ],
      "mean_abs_kurtosis": 0.8946601071773903
    },
    "task181_outcome_extraction": {
      "excess_kurtosis_top_pcs": [
        -0.9409331991258587,
        -0.8665559121796385,
        -0.12433179349716816,
        -0.5632563179538717,
        0.5902953076886073,
        0.4880394704799884,
        1.3973759384934707,
        3.345700045132906,
        -0.008414348432837837,
        0.4772979610634378
      ],
      "mean_abs_kurtosis": 0.8802200294047786
    },
    "task748_glucose_reverse_cause_event_detection": {
      "excess_kurtosis_top_pcs": [
        -1.4932630587349456,
        0.3858100035817227,
        -0.05894539132272447,
        1.037850903534543,
        0.1819924818116796,
        0.9611632010411002,
        1.6051555003494338,
        0.25015520393017354,
        1.3798169028415028,
        3.4695353127185573
      ],
      "mean_abs_kurtosis": 1.0823687959866384
    },
    "task1510_evalution_relation_extraction": {
      "excess_kurtosis_top_pcs": [
        2.423458888904751,
        -1.1296780769079333,
        -0.6064751707964287,
        0.4741112908720839,
        1.6244627551563555,
        1.3730275524603295,
        0.7121444940957504,
        4.768696159506696,
        0.7314573816464556,
        0.02893530719906323
      ],
      "mean_abs_kurtosis": 1.3872447077545849
    },
    "task639_multi_woz_user_utterance_generation": {
      "excess_kurtosis_top_pcs": [
        -1.6335378571422028,
        -1.3477005410029916,
        -0.19309489519680945,
        0.9072195083647148,
        0.3613845544046992,
        2.206634275374495,
        1.7577098738678547,
        0.9621979644976864,
        2.6926015238882295,
        1.9605856862094564
      ],
      "mean_abs_kurtosis": 1.402266667994914
    },
    "task1590_diplomacy_text_generation": {
      "excess_kurtosis_top_pcs": [
        -0.7294542843420504,
        -0.29171560387624895,
        -0.41956996257603096,
        0.24191567494451638,
        1.4730063843510903,
        1.4957384236634317,
        3.58810341279894,
        -0.03899193481201957,
        1.4989646024521095,
        0.13587744828556003
      ],
      "mean_abs_kurtosis": 0.9913337732101999
    },
    "task1729_personachat_generate_next": {
      "excess_kurtosis_top_pcs": [
        -1.43859747887501,
        -0.06703729499460787,
        0.325977427493942,
        0.7281306735716555,
        1.4638964297591963,
        -0.26240552875460077,
        3.5625330447291566,
        0.09435774562856558,
        1.1091387123874537,
        2.998849206791527
      ],
      "mean_abs_kurtosis": 1.2050923542985714
    }
  },
  "A2b_multimodality": {
    "task1687_sentiment140_classification": {
      "bic_per_k": {
        "1": 228789.11701470433,
        "2": 208276.36314362515,
        "3": 207210.3560910603,
        "4": 206543.3466533113,
        "5": 205747.47355445966
      },
      "best_k": 5,
      "multi_modal": true,
      "n_pcs_used": 30
    },
    "task363_sst2_polarity_classification": {
      "bic_per_k": {
        "1": 227405.97160679958,
        "2": 199990.8396617605,
        "3": 198331.08700098805,
        "4": 196846.90541662448,
        "5": 196303.5437201627
      },
      "best_k": 5,
      "multi_modal": true,
      "n_pcs_used": 30
    },
    "task875_emotion_classification": {
      "bic_per_k": {
        "1": 229804.0249343767,
        "2": 209791.5990669327,
        "3": 207889.23211720088,
        "4": 207086.69631232612,
        "5": 205955.0320509577
      },
      "best_k": 5,
      "multi_modal": true,
      "n_pcs_used": 30
    },
    "task073_commonsenseqa_answer_generation": {
      "bic_per_k": {
        "1": 213274.28658356512,
        "2": 206103.90551863523,
        "3": 198167.90861177532,
        "4": 198396.10794908597,
        "5": 197774.09468603757
      },
      "best_k": 5,
      "multi_modal": true,
      "n_pcs_used": 30
    },
    "task591_sciq_answer_generation": {
      "bic_per_k": {
        "1": 227924.2012221901,
        "2": 225425.81172662298,
        "3": 222087.9459763215,
        "4": 216958.0815296031,
        "5": 215362.17994167973
      },
      "best_k": 5,
      "multi_modal": true,
      "n_pcs_used": 30
    },
    "task002_quoref_answer_generation": {
      "bic_per_k": {
        "1": 229287.01572013937,
        "2": 227618.99174156133,
        "3": 226769.7473357386,
        "4": 224595.765187268,
        "5": 223726.56375409913
      },
      "best_k": 5,
      "multi_modal": true,
      "n_pcs_used": 30
    },
    "task1290_xsum_summarization": {
      "bic_per_k": {
        "1": 226198.8594229797,
        "2": 215724.25852757203,
        "3": 214526.99397644037,
        "4": 212603.4660165526,
        "5": 211592.39629997656
      },
      "best_k": 5,
      "multi_modal": true,
      "n_pcs_used": 30
    },
    "task1572_samsum_summary": {
      "bic_per_k": {
        "1": 36775.893299699295,
        "2": 35019.107234549374,
        "3": 31289.47285294627,
        "4": 31352.68463222363,
        "5": 31460.581924681042
      },
      "best_k": 3,
      "multi_modal": true,
      "n_pcs_used": 30
    },
    "task511_reddit_tifu_long_text_summarization": {
      "bic_per_k": {
        "1": 227797.2859400136,
        "2": 224327.86354149625,
        "3": 222952.8634994772,
        "4": 222255.06570036724,
        "5": 220734.17535118517
      },
      "best_k": 5,
      "multi_modal": true,
      "n_pcs_used": 30
    },
    "task181_outcome_extraction": {
      "bic_per_k": {
        "1": 77437.09061156187,
        "2": 73914.73988643674,
        "3": 73733.87235502082,
        "4": 73627.18806100177,
        "5": 73564.194871393
      },
      "best_k": 5,
      "multi_modal": true,
      "n_pcs_used": 30
    },
    "task748_glucose_reverse_cause_event_detection": {
      "bic_per_k": {
        "1": 219571.46782329018,
        "2": 209871.16275586304,
        "3": 208729.3685272966,
        "4": 207567.2460097143,
        "5": 205875.17083555242
      },
      "best_k": 5,
      "multi_modal": true,
      "n_pcs_used": 30
    },
    "task1510_evalution_relation_extraction": {
      "bic_per_k": {
        "1": 205251.57943942203,
        "2": 197203.57384045114,
        "3": 188844.89202103732,
        "4": 181044.1055791607,
        "5": 180067.18816184497
      },
      "best_k": 5,
      "multi_modal": true,
      "n_pcs_used": 30
    },
    "task639_multi_woz_user_utterance_generation": {
      "bic_per_k": {
        "1": 33529.911573067206,
        "2": 31935.60090312819,
        "3": 31938.73184329774,
        "4": 31962.08566032291
      },
      "best_k": 2,
      "multi_modal": true,
      "n_pcs_used": 30
    },
    "task1590_diplomacy_text_generation": {
      "bic_per_k": {
        "1": 30063.509276214267,
        "2": 27885.89046208766,
        "3": 27961.599239379928,
        "4": 28121.0926532504
      },
      "best_k": 2,
      "multi_modal": true,
      "n_pcs_used": 30
    },
    "task1729_personachat_generate_next": {
      "bic_per_k": {
        "1": 227285.595627538,
        "2": 206794.59597305363,
        "3": 200012.22817383433,
        "4": 205304.74663363388,
        "5": 197667.99023047244
      },
      "best_k": 5,
      "multi_modal": true,
      "n_pcs_used": 30
    }
  },
  "A3_centroid_distances": {
    "tasks": [
      "task1687_sentiment140_classification",
      "task363_sst2_polarity_classification",
      "task875_emotion_classification",
      "task073_commonsenseqa_answer_generation",
      "task591_sciq_answer_generation",
      "task002_quoref_answer_generation",
      "task1290_xsum_summarization",
      "task1572_samsum_summary",
      "task511_reddit_tifu_long_text_summarization",
      "task181_outcome_extraction",
      "task748_glucose_reverse_cause_event_detection",
      "task1510_evalution_relation_extraction",
      "task639_multi_woz_user_utterance_generation",
      "task1590_diplomacy_text_generation",
      "task1729_personachat_generate_next"
    ],
    "cosine_dist": [
      [
        0.0,
        0.13160920143127441,
        0.16097164154052734,
        0.31669121980667114,
        0.25761938095092773,
        0.554029107093811,
        0.5283649563789368,
        0.32301509380340576,
        0.48586708307266235,
        0.3599280118942261,
        0.3158140182495117,
        0.23618102073669434,
        0.19264137744903564,
        0.26355957984924316,
        0.23128831386566162
      ],
      [
        0.13160920143127441,
        0.0,
        0.19166290760040283,
        0.2777961492538452,
        0.2505120038986206,
        0.33503109216690063,
        0.368320107460022,
        0.3958679437637329,
        0.4090183973312378,
        0.3040962219238281,
        0.19692158699035645,
        0.15882670879364014,
        0.308638334274292,
        0.21141433715820312,
        0.21961593627929688
      ],
      [
        0.16097164154052734,
        0.19166290760040283,
        0.0,
        0.3276498317718506,
        0.30161213874816895,
        0.4661048650741577,
        0.47523951530456543,
        0.3977022171020508,
        0.35198724269866943,
        0.34260350465774536,
        0.28980374336242676,
        0.2540990114212036,
        0.2810784578323364,
        0.2833966612815857,
        0.2556937336921692
      ],
      [
        0.31669121980667114,
        0.2777961492538452,
        0.3276498317718506,
        0.0,
        0.33975934982299805,
        0.45089423656463623,
        0.4442521333694458,
        0.5130481719970703,
        0.48543721437454224,
        0.44108617305755615,
        0.252349317073822,
        0.2337152361869812,
        0.40839171409606934,
        0.3214021921157837,
        0.27854108810424805
      ],
      [
        0.25761938095092773,
        0.2505120038986206,
        0.30161213874816895,
        0.33975934982299805,
        0.0,
        0.49990707635879517,
        0.5224915146827698,
        0.42962777614593506,
        0.580828845500946,
        0.26151907444000244,
        0.3401472568511963,
        0.22477930784225464,
        0.22915160655975342,
        0.3303556442260742,
        0.3274860382080078
      ],
      [
        0.554029107093811,
        0.33503109216690063,
        0.4661048650741577,
        0.45089423656463623,
        0.49990707635879517,
        0.0,
        0.14547199010849,
        0.6151153445243835,
        0.27007246017456055,
        0.41239142417907715,
        0.23324990272521973,
        0.3830355405807495,
        0.6702625751495361,
        0.3289179801940918,
        0.3779965043067932
      ],
      [
        0.5283649563789368,
        0.368320107460022,
        0.47523951530456543,
        0.4442521333694458,
        0.5224915146827698,
        0.14547199010849,
        0.0,
        0.46011292934417725,
        0.27006030082702637,
        0.4074898958206177,
        0.29308784008026123,
        0.41777467727661133,
        0.6515041589736938,
        0.3262155055999756,
        0.3670586347579956
      ],
      [
        0.32301509380340576,
        0.3958679437637329,
        0.3977022171020508,
        0.5130481719970703,
        0.42962777614593506,
        0.6151153445243835,
        0.46011292934417725,
        0.0,
        0.541817843914032,
        0.5162622332572937,
        0.40670543909072876,
        0.4662357568740845,
        0.30297142267227173,
        0.37661612033843994,
        0.22860026359558105
      ],
      [
        0.48586708307266235,
        0.4090183973312378,
        0.35198724269866943,
        0.48543721437454224,
        0.580828845500946,
        0.27007246017456055,
        0.27006030082702637,
        0.541817843914032,
        0.0,
        0.4777035117149353,
        0.3111124634742737,
        0.47597813606262207,
        0.642309308052063,
        0.3661125898361206,
        0.35681188106536865
      ],
      [
        0.3599280118942261,
        0.3040962219238281,
        0.34260350465774536,
        0.44108617305755615,
        0.26151907444000244,
        0.41239142417907715,
        0.4074898958206177,
        0.5162622332572937,
        0.4777035117149353,
        0.0,
        0.34956926107406616,
        0.31670141220092773,
        0.4188111424446106,
        0.37046051025390625,
        0.4094712734222412
      ],
      [
        0.3158140182495117,
        0.19692158699035645,
        0.28980374336242676,
        0.252349317073822,
        0.3401472568511963,
        0.23324990272521973,
        0.29308784008026123,
        0.40670543909072876,
        0.3111124634742737,
        0.34956926107406616,
        0.0,
        0.20481914281845093,
        0.4256669878959656,
        0.22962796688079834,
        0.16132354736328125
      ],
      [
        0.23618102073669434,
        0.15882670879364014,
        0.2540990114212036,
        0.2337152361869812,
        0.22477930784225464,
        0.3830355405807495,
        0.41777467727661133,
        0.4662357568740845,
        0.47597813606262207,
        0.31670141220092773,
        0.20481914281845093,
        0.0,
        0.34393447637557983,
        0.24724721908569336,
        0.2701927423477173
      ],
      [
        0.19264137744903564,
        0.308638334274292,
        0.2810784578323364,
        0.40839171409606934,
        0.22915160655975342,
        0.6702625751495361,
        0.6515041589736938,
        0.30297142267227173,
        0.642309308052063,
        0.4188111424446106,
        0.4256669878959656,
        0.34393447637557983,
        0.0,
        0.32896220684051514,
        0.26181113719940186
      ],
      [
        0.26355957984924316,
        0.21141433715820312,
        0.2833966612815857,
        0.3214021921157837,
        0.3303556442260742,
        0.3289179801940918,
        0.3262155055999756,
        0.37661612033843994,
        0.3661125898361206,
        0.37046051025390625,
        0.22962796688079834,
        0.24724721908569336,
        0.32896220684051514,
        0.0,
        0.19761937856674194
      ],
      [
        0.23128831386566162,
        0.21961593627929688,
        0.2556937336921692,
        0.27854108810424805,
        0.3274860382080078,
        0.3779965043067932,
        0.3670586347579956,
        0.22860026359558105,
        0.35681188106536865,
        0.4094712734222412,
        0.16132354736328125,
        0.2701927423477173,
        0.26181113719940186,
        0.19761937856674194,
        0.0
      ]
    ],
    "l2_dist": [
      [
        0.0,
        29.71828842163086,
        33.717079162597656,
        48.280120849609375,
        39.7869987487793,
        54.579078674316406,
        52.741580963134766,
        43.47482681274414,
        56.01832580566406,
        52.2259521484375,
        53.36104202270508,
        53.762718200683594,
        34.384464263916016,
        41.5870246887207,
        38.29144287109375
      ],
      [
        29.71828842163086,
        0.0,
        37.0091667175293,
        45.5516357421875,
        39.73333740234375,
        43.94976806640625,
        45.576969146728516,
        48.59370040893555,
        51.906959533691406,
        48.375999450683594,
        43.12580871582031,
        46.15925216674805,
        43.87950897216797,
        37.610111236572266,
        37.73946762084961
      ],
      [
        33.717079162597656,
        37.0091667175293,
        0.0,
        50.27727127075195,
        44.79501724243164,
        52.775089263916016,
        52.7972526550293,
        50.19894027709961,
        49.332096099853516,
        52.113868713378906,
        51.82671356201172,
        55.15438461303711,
        43.18875503540039,
        44.58359146118164,
        41.81495666503906
      ],
      [
        48.280120849609375,
        45.5516357421875,
        50.27727127075195,
        0.0,
        48.77117919921875,
        53.66255569458008,
        53.00271987915039,
        58.21196746826172,
        59.18086624145508,
        60.10600280761719,
        48.917240142822266,
        53.19770812988281,
        53.122230529785156,
        48.58634567260742,
        44.784507751464844
      ],
      [
        39.7869987487793,
        39.73333740234375,
        44.79501724243164,
        48.77117919921875,
        0.0,
        49.086647033691406,
        49.3959846496582,
        47.43689727783203,
        58.9010009765625,
        43.94685363769531,
        54.62202072143555,
        53.50823211669922,
        35.63487243652344,
        44.91625213623047,
        43.728458404541016
      ],
      [
        54.579078674316406,
        43.94976806640625,
        52.775089263916016,
        53.66255569458008,
        49.086647033691406,
        0.0,
        23.31211280822754,
        51.931766510009766,
        38.58803939819336,
        52.73377990722656,
        47.83345031738281,
        65.53282928466797,
        56.26106643676758,
        42.79231643676758,
        44.2281379699707
      ],
      [
        52.741580963134766,
        45.576969146728516,
        52.7972526550293,
        53.00271987915039,
        49.3959846496582,
        23.31211280822754,
        0.0,
        44.21018981933594,
        38.4794807434082,
        52.27899932861328,
        52.00164794921875,
        67.60147094726562,
        54.53682327270508,
        42.409305572509766,
        43.225868225097656
      ],
      [
        43.47482681274414,
        48.59370040893555,
        50.19894027709961,
        58.21196746826172,
        47.43689727783203,
        51.931766510009766,
        44.21018981933594,
        0.0,
        55.24163055419922,
        59.421852111816406,
        58.59630584716797,
        70.1960678100586,
        39.64939498901367,
        46.737361907958984,
        35.682701110839844
      ],
      [
        56.01832580566406,
        51.906959533691406,
        49.332096099853516,
        59.18086624145508,
        58.9010009765625,
        38.58803939819336,
        38.4794807434082,
        55.24163055419922,
        0.0,
        59.604148864746094,
        52.85227966308594,
        71.68760681152344,
        61.6607780456543,
        48.56050109863281,
        47.04258728027344
      ],
      [
        52.2259521484375,
        48.375999450683594,
        52.113868713378906,
        60.10600280761719,
        43.94685363769531,
        52.73377990722656,
        52.27899932861328,
        59.421852111816406,
        59.604148864746094,
        0.0,
        57.74052810668945,
        61.002197265625,
        54.70922088623047,
        52.92069625854492,
        54.890628814697266
      ],
      [
        53.36104202270508,
        43.12580871582031,
        51.82671356201172,
        48.917240142822266,
        54.62202072143555,
        47.83345031738281,
        52.00164794921875,
        58.59630584716797,
        52.85227966308594,
        57.74052810668945,
        0.0,
        50.62921142578125,
        60.223907470703125,
        46.166934967041016,
        39.816680908203125
      ],
      [
        53.762718200683594,
        46.15925216674805,
        55.15438461303711,
        53.19770812988281,
        53.50823211669922,
        65.53282928466797,
        67.60147094726562,
        70.1960678100586,
        71.68760681152344,
        61.002197265625,
        50.62921142578125,
        0.0,
        62.517478942871094,
        54.74592971801758,
        56.85790252685547
      ],
      [
        34.384464263916016,
        43.87950897216797,
        43.18875503540039,
        53.122230529785156,
        35.63487243652344,
        56.26106643676758,
        54.53682327270508,
        39.64939498901367,
        61.6607780456543,
        54.70922088623047,
        60.223907470703125,
        62.517478942871094,
        0.0,
        44.659217834472656,
        38.95353698730469
      ],
      [
        41.5870246887207,
        37.610111236572266,
        44.58359146118164,
        48.58634567260742,
        44.91625213623047,
        42.79231643676758,
        42.409305572509766,
        46.737361907958984,
        48.56050109863281,
        52.92069625854492,
        46.166934967041016,
        54.74592971801758,
        44.659217834472656,
        0.0,
        35.34768295288086
      ],
      [
        38.29144287109375,
        37.73946762084961,
        41.81495666503906,
        44.784507751464844,
        43.728458404541016,
        44.2281379699707,
        43.225868225097656,
        35.682701110839844,
        47.04258728027344,
        54.890628814697266,
        39.816680908203125,
        56.85790252685547,
        38.95353698730469,
        35.34768295288086,
        0.0
      ]
    ]
  },
  "A4_subspace_distances": {
    "tasks": [
      "task1687_sentiment140_classification",
      "task363_sst2_polarity_classification",
      "task875_emotion_classification",
      "task073_commonsenseqa_answer_generation",
      "task591_sciq_answer_generation",
      "task002_quoref_answer_generation",
      "task1290_xsum_summarization",
      "task1572_samsum_summary",
      "task511_reddit_tifu_long_text_summarization",
      "task181_outcome_extraction",
      "task748_glucose_reverse_cause_event_detection",
      "task1510_evalution_relation_extraction",
      "task639_multi_woz_user_utterance_generation",
      "task1590_diplomacy_text_generation",
      "task1729_personachat_generate_next"
    ],
    "k": 8,
    "geodesic": [
      [
        0.0,
        1.711904525756836,
        1.9247515201568604,
        2.604771852493286,
        2.3909456729888916,
        2.922940731048584,
        2.7338266372680664,
        2.7481539249420166,
        2.764261484146118,
        2.645188808441162,
        2.6717283725738525,
        2.6487157344818115,
        2.123912811279297,
        2.5362327098846436,
        2.559229612350464
      ],
      [
        1.711904525756836,
        0.0,
        2.08457088470459,
        2.5974316596984863,
        2.2226030826568604,
        2.725828170776367,
        2.5316362380981445,
        2.828029155731201,
        2.7256362438201904,
        2.4222571849823,
        2.5696310997009277,
        2.849241256713867,
        2.3411874771118164,
        2.5005195140838623,
        2.5633671283721924
      ],
      [
        1.9247515201568604,
        2.08457088470459,
        0.0,
        2.599008560180664,
        2.2707247734069824,
        2.83756422996521,
        2.671708106994629,
        2.660484790802002,
        2.5608420372009277,
        2.620744466781616,
        2.472064971923828,
        2.7001569271087646,
        2.2668116092681885,
        2.5088469982147217,
        2.402967929840088
      ],
      [
        2.604771852493286,
        2.5974316596984863,
        2.599008560180664,
        0.0,
        2.484717845916748,
        3.0179593563079834,
        2.8706259727478027,
        3.1265389919281006,
        2.9509010314941406,
        2.838508129119873,
        2.6365675926208496,
        2.585674524307251,
        2.6544408798217773,
        2.907803773880005,
        2.865917682647705
      ],
      [
        2.3909456729888916,
        2.2226030826568604,
        2.2707247734069824,
        2.484717845916748,
        0.0,
        2.7971959114074707,
        2.585076093673706,
        2.8210651874542236,
        2.8255326747894287,
        2.3560099601745605,
        2.5520129203796387,
        2.602623701095581,
        2.0112316608428955,
        2.6771762371063232,
        2.566894054412842
      ],
      [
        2.922940731048584,
        2.725828170776367,
        2.83756422996521,
        3.0179593563079834,
        2.7971959114074707,
        0.0,
        2.4493520259857178,
        2.7691733837127686,
        2.500969886779785,
        2.832087278366089,
        2.412146806716919,
        3.115849018096924,
        2.7823476791381836,
        2.726548671722412,
        2.6469905376434326
      ],
      [
        2.7338266372680664,
        2.5316362380981445,
        2.671708106994629,
        2.8706259727478027,
        2.585076093673706,
        2.4493520259857178,
        0.0,
        2.255582571029663,
        1.991030216217041,
        2.613417387008667,
        2.4408767223358154,
        3.0274617671966553,
        2.6850905418395996,
        2.4246749877929688,
        1.8920221328735352
      ],
      [
        2.7481539249420166,
        2.828029155731201,
        2.660484790802002,
        3.1265389919281006,
        2.8210651874542236,
        2.7691733837127686,
        2.255582571029663,
        0.0,
        2.0582094192504883,
        2.858368158340454,
        2.6742122173309326,
        3.0643253326416016,
        2.67512583732605,
        2.59011173248291,
        2.0081350803375244
      ],
      [
        2.764261484146118,
        2.7256362438201904,
        2.5608420372009277,
        2.9509010314941406,
        2.8255326747894287,
        2.500969886779785,
        1.991030216217041,
        2.0582094192504883,
        0.0,
        2.8344430923461914,
        2.4334936141967773,
        3.085625410079956,
        2.6877176761627197,
        2.411604881286621,
        1.7425953149795532
      ],
      [
        2.645188808441162,
        2.4222571849823,
        2.620744466781616,
        2.838508129119873,
        2.3560099601745605,
        2.832087278366089,
        2.613417387008667,
        2.858368158340454,
        2.8344430923461914,
        0.0,
        2.7109220027923584,
        2.846069097518921,
        2.4857234954833984,
        2.6296167373657227,
        2.613492250442505
      ],
      [
        2.6717283725738525,
        2.5696310997009277,
        2.472064971923828,
        2.6365675926208496,
        2.5520129203796387,
        2.412146806716919,
        2.4408767223358154,
        2.6742122173309326,
        2.4334936141967773,
        2.7109220027923584,
        0.0,
        2.722926378250122,
        2.55353045463562,
        2.3924427032470703,
        2.3476507663726807
      ],
      [
        2.6487157344818115,
        2.849241256713867,
        2.7001569271087646,
        2.585674524307251,
        2.602623701095581,
        3.115849018096924,
        3.0274617671966553,
        3.0643253326416016,
        3.085625410079956,
        2.846069097518921,
        2.722926378250122,
        0.0,
        2.6751115322113037,
        2.8888728618621826,
        2.885497570037842
      ],
      [
        2.123912811279297,
        2.3411874771118164,
        2.2668116092681885,
        2.6544408798217773,
        2.0112316608428955,
        2.7823476791381836,
        2.6850905418395996,
        2.67512583732605,
        2.6877176761627197,
        2.4857234954833984,
        2.55353045463562,
        2.6751115322113037,
        0.0,
        2.3009657859802246,
        2.4205424785614014
      ],
      [
        2.5362327098846436,
        2.5005195140838623,
        2.5088469982147217,
        2.907803773880005,
        2.6771762371063232,
        2.726548671722412,
        2.4246749877929688,
        2.59011173248291,
        2.411604881286621,
        2.6296167373657227,
        2.3924427032470703,
        2.8888728618621826,
        2.3009657859802246,
        0.0,
        2.206638813018799
      ],
      [
        2.559229612350464,
        2.5633671283721924,
        2.402967929840088,
        2.865917682647705,
        2.566894054412842,
        2.6469905376434326,
        1.8920221328735352,
        2.0081350803375244,
        1.7425953149795532,
        2.613492250442505,
        2.3476507663726807,
        2.885497570037842,
        2.4205424785614014,
        2.206638813018799,
        0.0
      ]
    ],
    "chordal": [
      [
        0.0,
        1.4996769428253174,
        1.6522018909454346,
        2.0324490070343018,
        1.882105827331543,
        2.2235329151153564,
        2.0946309566497803,
        2.0702121257781982,
        2.068840503692627,
        2.05224871635437,
        2.050091028213501,
        2.0617597103118896,
        1.7109745740890503,
        1.9875246286392212,
        1.9510353803634644
      ],
      [
        1.4996769428253174,
        0.0,
        1.7151108980178833,
        2.044912338256836,
        1.758744716644287,
        2.0753235816955566,
        1.9809482097625732,
        2.1084418296813965,
        2.030632495880127,
        1.9421911239624023,
        2.0042083263397217,
        2.1318070888519287,
        1.8634637594223022,
        1.9975141286849976,
        1.9438278675079346
      ],
      [
        1.6522018909454346,
        1.7151108980178833,
        0.0,
        2.0685739517211914,
        1.8318126201629639,
        2.177093744277954,
        2.086301803588867,
        2.0837838649749756,
        1.9963864088058472,
        2.0185723304748535,
        1.9779201745986938,
        2.123211622238159,
        1.806597113609314,
        1.990370512008667,
        1.913854956626892
      ],
      [
        2.0324490070343018,
        2.044912338256836,
        2.0685739517211914,
        0.0,
        1.923873782157898,
        2.2453057765960693,
        2.1741528511047363,
        2.297657012939453,
        2.2215280532836914,
        2.1606884002685547,
        2.059154510498047,
        2.0110085010528564,
        2.0428450107574463,
        2.201990842819214,
        2.1756181716918945
      ],
      [
        1.882105827331543,
        1.758744716644287,
        1.8318126201629639,
        1.923873782157898,
        0.0,
        2.1209044456481934,
        1.9918344020843506,
        2.157015562057495,
        2.092939853668213,
        1.884901523590088,
        2.001626491546631,
        1.976529598236084,
        1.6913166046142578,
        2.0916714668273926,
        1.978305459022522
      ],
      [
        2.2235329151153564,
        2.0753235816955566,
        2.177093744277954,
        2.2453057765960693,
        2.1209044456481934,
        0.0,
        1.8626832962036133,
        2.1621992588043213,
        1.9636300802230835,
        2.1431663036346436,
        1.950214147567749,
        2.3503198623657227,
        2.196545124053955,
