{
  "backbone": "Llama-2-7b-hf",
  "benchmark": "Long_Sequence",
  "d_model": 4096,
  "tasks_found": [
    "yelp",
    "amazon",
    "mnli",
    "cb",
    "copa",
    "qqp",
    "rte",
    "imdb",
    "sst2",
    "dbpedia",
    "agnews",
    "yahoo",
    "multirc",
    "boolq",
    "wic"
  ],
  "subspace_k": 8,
  "whitened": false,
  "A1_effective_dim": {
    "yelp": {
      "evr_k95": 498,
      "participation_ratio": 7.4662370681762695,
      "effective_rank": 37.87329864501953,
      "top5_eigvals": [
        2769.48193359375,
        1446.5618896484375,
        729.13427734375,
        442.1757507324219,
        213.14093017578125
      ],
      "d": 4096,
      "n": 5000
    },
    "amazon": {
      "evr_k95": 559,
      "participation_ratio": 9.142699241638184,
      "effective_rank": 45.63405990600586,
      "top5_eigvals": [
        2472.179931640625,
        2042.5413818359375,
        861.9266967773438,
        366.9739990234375,
        332.2195129394531
      ],
      "d": 4096,
      "n": 5000
    },
    "mnli": {
      "evr_k95": 407,
      "participation_ratio": 8.323171615600586,
      "effective_rank": 40.413002014160156,
      "top5_eigvals": [
        3480.5263671875,
        1532.7239990234375,
        863.1863403320312,
        484.7369689941406,
        393.2397155761719
      ],
      "d": 4096,
      "n": 3000
    },
    "cb": {
      "evr_k95": 90,
      "participation_ratio": 7.5735368728637695,
      "effective_rank": 24.399349212646484,
      "top5_eigvals": [
        3381.992919921875,
        1448.892333984375,
        986.1887817382812,
        391.3482360839844,
        351.4761657714844
      ],
      "d": 4096,
      "n": 250
    },
    "copa": {
      "evr_k95": 152,
      "participation_ratio": 10.296744346618652,
      "effective_rank": 36.39803695678711,
      "top5_eigvals": [
        2195.4609375,
        1235.5140380859375,
        607.05322265625,
        423.78643798828125,
        330.8112487792969
      ],
      "d": 4096,
      "n": 400
    },
    "qqp": {
      "evr_k95": 344,
      "participation_ratio": 6.94932222366333,
      "effective_rank": 33.49504089355469,
      "top5_eigvals": [
        3930.45458984375,
        1608.443359375,
        703.5971069335938,
        611.6573486328125,
        419.745361328125
      ],
      "d": 4096,
      "n": 2000
    },
    "rte": {
      "evr_k95": 399,
      "participation_ratio": 7.7665696144104,
      "effective_rank": 39.46676254272461,
      "top5_eigvals": [
        3116.26806640625,
        1593.4466552734375,
        773.110595703125,
        390.30682373046875,
        293.76171875
      ],
      "d": 4096,
      "n": 2000
    },
    "imdb": {
      "evr_k95": 542,
      "participation_ratio": 13.428998947143555,
      "effective_rank": 72.26880645751953,
      "top5_eigvals": [
        2069.59130859375,
        1402.557861328125,
        716.3157958984375,
        580.4996948242188,
        327.83953857421875
      ],
      "d": 4096,
      "n": 2000
    },
    "sst2": {
      "evr_k95": 145,
      "participation_ratio": 7.6616435050964355,
      "effective_rank": 22.48404312133789,
      "top5_eigvals": [
        3048.27392578125,
        1931.0047607421875,
        1116.4168701171875,
        555.6874389648438,
        456.28985595703125
      ],
      "d": 4096,
      "n": 2000
    },
    "dbpedia": {
      "evr_k95": 1456,
      "participation_ratio": 8.41818618774414,
      "effective_rank": 80.33586883544922,
      "top5_eigvals": [
        3633.65185546875,
        1305.515380859375,
        492.6858215332031,
        387.30401611328125,
        284.3202209472656
      ],
      "d": 4096,
      "n": 14000
    },
    "agnews": {
      "evr_k95": 1040,
      "participation_ratio": 8.86099624633789,
      "effective_rank": 91.08686828613281,
      "top5_eigvals": [
        3902.748046875,
        891.2799682617188,
        557.321533203125,
        330.58026123046875,
        260.2940979003906
      ],
      "d": 4096,
      "n": 4000
    },
    "yahoo": {
      "evr_k95": 739,
      "participation_ratio": 6.844542026519775,
      "effective_rank": 38.0703125,
      "top5_eigvals": [
        3000.386962890625,
        1638.1287841796875,
        538.0557250976562,
        499.8495178222656,
        227.41146850585938
      ],
      "d": 4096,
      "n": 10000
    },
    "multirc": {
      "evr_k95": 497,
      "participation_ratio": 21.7940731048584,
      "effective_rank": 116.65135192871094,
      "top5_eigvals": [
        2046.3905029296875,
        848.255859375,
        594.697998046875,
        358.97314453125,
        320.8667907714844
      ],
      "d": 4096,
      "n": 2000
    },
    "boolq": {
      "evr_k95": 583,
      "participation_ratio": 9.854870796203613,
      "effective_rank": 68.23698425292969,
      "top5_eigvals": [
        2828.2236328125,
        1679.3056640625,
        683.4760131835938,
        321.8878173828125,
        232.41372680664062
      ],
      "d": 4096,
      "n": 2000
    },
    "wic": {
      "evr_k95": 406,
      "participation_ratio": 7.324090957641602,
      "effective_rank": 34.393348693847656,
      "top5_eigvals": [
        3787.3603515625,
        1781.5777587890625,
        932.9081420898438,
        623.6795043945312,
        405.1735534667969
      ],
      "d": 4096,
      "n": 2000
    }
  },
  "A2_gaussianity": {
    "yelp": {
      "excess_kurtosis_top_pcs": [
        -1.6081050593601172,
        -0.8843624854476722,
        1.3984315005691519,
        0.5943987098997643,
        8.650057135108886,
        5.385331590871411,
        4.268728786334157,
        2.9550525095337843,
        1.6660641881346692,
        5.771977481470763
      ],
      "mean_abs_kurtosis": 3.318250944673038
    },
    "amazon": {
      "excess_kurtosis_top_pcs": [
        -0.9771759560594209,
        -1.2172725267904714,
        0.012080090897468754,
        1.665761472449927,
        1.674149204248664,
        5.1580296053243035,
        1.5703224245350702,
        1.8953275018718303,
        4.261840721279296,
        3.8293651136641094
      ],
      "mean_abs_kurtosis": 2.226132461712056
    },
    "mnli": {
      "excess_kurtosis_top_pcs": [
        -1.441962112824605,
        -0.8522596552369617,
        0.8265016820720086,
        2.090984067387115,
        0.8611905410977028,
        0.08263652208239014,
        1.9375599387734912,
        -0.02198272188838324,
        3.5454832446732256,
        1.0604745439183274
      ],
      "mean_abs_kurtosis": 1.2721035029954213
    },
    "cb": {
      "excess_kurtosis_top_pcs": [
        -1.4163384977059041,
        -0.8926206569876598,
        -0.4122391915716008,
        0.9719469804605363,
        0.07161245525538007,
        1.7741937851857346,
        0.970073538348899,
        2.4547257859937233,
        1.0828233461606356,
        1.3614107130879907
      ],
      "mean_abs_kurtosis": 1.1407984950758063
    },
    "copa": {
      "excess_kurtosis_top_pcs": [
        -1.2934622176757347,
        2.0414847326828083,
        0.6946015422254441,
        0.669946895972422,
        -0.09917646411499659,
        0.4911131842230856,
        1.961376712794869,
        0.20104498685238337,
        1.4079451712154976,
        3.23731375177105
      ],
      "mean_abs_kurtosis": 1.2097465659528293
    },
    "qqp": {
      "excess_kurtosis_top_pcs": [
        -1.5870548692506006,
        -0.933466363240909,
        0.6865148008661395,
        1.0262953260337877,
        2.5874811836825877,
        0.4264096935527868,
        1.166598003249641,
        0.7730706816711739,
        3.5306305352936755,
        1.1002053839115717
      ],
      "mean_abs_kurtosis": 1.3817726840752873
    },
    "rte": {
      "excess_kurtosis_top_pcs": [
        -1.2302367412695103,
        -1.1903929462180547,
        1.176898919082757,
        1.7093243568100753,
        4.740205991529582,
        3.194605196729311,
        1.4302640154964728,
        3.3050474544131143,
        1.2861920145488392,
        1.4730103986400875
      ],
      "mean_abs_kurtosis": 2.0736178034737804
    },
    "imdb": {
      "excess_kurtosis_top_pcs": [
        -1.635908877468983,
        1.3532085893227057,
        0.14797557586278876,
        0.2749952727010325,
        4.374401121003136,
        1.0815834026010087,
        4.082848857873033,
        0.9951877880603286,
        2.564941735023222,
        2.0364872495419446
      ],
      "mean_abs_kurtosis": 1.8547538469458185
    },
    "sst2": {
      "excess_kurtosis_top_pcs": [
        -1.3692240735765162,
        -1.2438353974247056,
        -0.32697103237466907,
        -0.21379962933820407,
        0.6230562474252466,
        1.2914677838872342,
        0.09670153583817154,
        2.6978136927190572,
        1.145973469098621,
        2.0539336274919853
      ],
      "mean_abs_kurtosis": 1.106277648917441
    },
    "dbpedia": {
      "excess_kurtosis_top_pcs": [
        -1.2094242815161018,
        0.08010302330756325,
        4.31297504129099,
        2.584143767003596,
        3.6773572589190655,
        1.6515290213299467,
        2.338525222197763,
        1.3660864703832196,
        5.370978284117921,
        0.7618745231079362
      ],
      "mean_abs_kurtosis": 2.3352996893174103
    },
    "agnews": {
      "excess_kurtosis_top_pcs": [
        -1.3866224459013847,
        1.5973325469672872,
        -0.10864811092985072,
        3.5996959029033055,
        9.949191287863558,
        4.143003370280452,
        0.8232765182764008,
        -0.14333015640849478,
        0.42386178163433197,
        0.3274385017453967
      ],
      "mean_abs_kurtosis": 2.2502400622910463
    },
    "yahoo": {
      "excess_kurtosis_top_pcs": [
        -0.6664029584268194,
        -1.048612599359474,
        0.7694634817039412,
        1.3184854698848207,
        1.9625094275871868,
        8.10428252778604,
        2.6212975327808055,
        3.2559156282715884,
        2.995782521916965,
        3.189657279955602
      ],
      "mean_abs_kurtosis": 2.5932409427673244
    },
    "multirc": {
      "excess_kurtosis_top_pcs": [
        -0.5899015931759308,
        -0.8480558390058883,
        1.0491283854878972,
        0.3810618183900547,
        -0.34659935185271973,
        0.09810860574038127,
        0.975723716663957,
        2.3727917852367097,
        0.25529050700699196,
        0.5102349540256146
      ],
      "mean_abs_kurtosis": 0.7426896556586146
    },
    "boolq": {
      "excess_kurtosis_top_pcs": [
        -1.0216729938314792,
        -0.9349581126359032,
        2.722631595809471,
        3.47323060716528,
        5.620923806069239,
        0.9833642677529117,
        2.440630308344062,
        4.055809835640719,
        2.307437762210318,
        2.4366483784791004
      ],
      "mean_abs_kurtosis": 2.5997307667938485
    },
    "wic": {
      "excess_kurtosis_top_pcs": [
        -1.733046721930868,
        -1.2675755653778116,
        0.08445387633569323,
        0.8940005830829634,
        0.830356128122812,
        0.37287269850063165,
        2.754911530580646,
        2.1091036214906547,
        2.1713740790907767,
        0.6256156585571255
      ],
      "mean_abs_kurtosis": 1.2843310463069983
    }
  },
  "A2b_multimodality": {
    "yelp": {
      "bic_per_k": {
        "1": 1069571.135238494,
        "2": 969788.1921599798,
        "3": 915222.0619526717,
        "4": 875347.8814181684,
        "5": 868630.0867114769
      },
      "best_k": 5,
      "multi_modal": true,
      "n_pcs_used": 30
    },
    "amazon": {
      "bic_per_k": {
        "1": 1102830.9696262192,
        "2": 1004207.8499381725,
        "3": 930061.3344192628,
        "4": 922660.5521870261,
        "5": 919317.9334410131
      },
      "best_k": 5,
      "multi_modal": true,
      "n_pcs_used": 30
    },
    "mnli": {
      "bic_per_k": {
        "1": 683270.8889751692,
        "2": 634867.614439591,
        "3": 627306.2576101464,
        "4": 625555.581512211,
        "5": 622406.3027706153
      },
      "best_k": 5,
      "multi_modal": true,
      "n_pcs_used": 30
    },
    "cb": {
      "bic_per_k": {
        "1": 57157.81465029417,
        "2": 52460.47116442065,
        "3": 51390.48997038563,
        "4": 51256.84120564525,
        "5": 51437.89785302029
      },
      "best_k": 4,
      "multi_modal": true,
      "n_pcs_used": 30
    },
    "copa": {
      "bic_per_k": {
        "1": 88402.83053668687,
        "2": 81843.33930044243,
        "3": 81370.6472095741,
        "4": 80893.45035395716,
        "5": 80378.2871054194
      },
      "best_k": 5,
      "multi_modal": true,
      "n_pcs_used": 30
    },
    "qqp": {
      "bic_per_k": {
        "1": 449402.8544199562,
        "2": 422399.20437883807,
        "3": 419404.0673247091,
        "4": 416954.83079702745,
        "5": 414039.93711908883
      },
      "best_k": 5,
      "multi_modal": true,
      "n_pcs_used": 30
    },
    "rte": {
      "bic_per_k": {
        "1": 433872.7331539716,
        "2": 409282.4286772875,
        "3": 384863.18475290865,
        "4": 382496.10810018866,
        "5": 381494.79413297994
      },
      "best_k": 5,
      "multi_modal": true,
      "n_pcs_used": 30
    },
    "imdb": {
      "bic_per_k": {
        "1": 444271.8241702955,
        "2": 405638.7444933946,
        "3": 402990.64782581537,
        "4": 388045.16976604547,
        "5": 392519.82344999956
      },
      "best_k": 4,
      "multi_modal": true,
      "n_pcs_used": 30
    },
    "sst2": {
      "bic_per_k": {
        "1": 452737.34759506123,
        "2": 417931.7576076715,
        "3": 411236.0782497654,
        "4": 407886.99482592277,
        "5": 394566.7507591491
      },
      "best_k": 5,
      "multi_modal": true,
      "n_pcs_used": 30
    },
    "dbpedia": {
      "bic_per_k": {
        "1": 3075125.0324370977,
        "2": 2991197.3805322433,
        "3": 2868477.164222357,
        "4": 2848155.5878040446,
        "5": 2821951.5066466024
      },
      "best_k": 5,
      "multi_modal": true,
      "n_pcs_used": 30
    },
    "agnews": {
      "bic_per_k": {
        "1": 889429.7882486065,
        "2": 863044.7880731566,
        "3": 848468.3898434242,
        "4": 843489.0246963499,
        "5": 841973.1946901134
      },
      "best_k": 5,
      "multi_modal": true,
      "n_pcs_used": 30
    },
    "yahoo": {
      "bic_per_k": {
        "1": 2122632.7977984934,
        "2": 2083535.9560365733,
        "3": 1950728.5971664104,
        "4": 1906003.4932573678,
        "5": 1893825.0671486412
      },
      "best_k": 5,
      "multi_modal": true,
      "n_pcs_used": 30
    },
    "multirc": {
      "bic_per_k": {
        "1": 464213.8280214397,
        "2": 454371.7029347796,
        "3": 449555.48085365957,
        "4": 447116.5976172722,
        "5": 443647.8704918565
      },
      "best_k": 5,
      "multi_modal": true,
      "n_pcs_used": 30
    },
    "boolq": {
      "bic_per_k": {
        "1": 430045.1921599496,
        "2": 397714.9588103721,
        "3": 378487.48498400487,
        "4": 376008.2041327924,
        "5": 374040.76683974126
      },
      "best_k": 5,
      "multi_modal": true,
      "n_pcs_used": 30
    },
    "wic": {
      "bic_per_k": {
        "1": 446004.67246355634,
        "2": 408035.7450332964,
        "3": 400813.7955431843,
        "4": 394743.76791240554,
        "5": 390829.4273402441
      },
      "best_k": 5,
      "multi_modal": true,
      "n_pcs_used": 30
    }
  },
  "A3_centroid_distances": {
    "tasks": [
      "yelp",
      "amazon",
      "mnli",
      "cb",
      "copa",
      "qqp",
      "rte",
      "imdb",
      "sst2",
      "dbpedia",
      "agnews",
      "yahoo",
      "multirc",
      "boolq",
      "wic"
    ],
    "cosine_dist": [
      [
        0.0,
        0.11437630653381348,
        0.4133356809616089,
        0.30389297008514404,
        0.5299667716026306,
        0.40162014961242676,
        0.33167827129364014,
        0.14467138051986694,
        0.2953864336013794,
        0.4222118854522705,
        0.4155029058456421,
        0.18771213293075562,
        0.3956950306892395,
        0.26119381189346313,
        0.41108083724975586
      ],
      [
        0.11437630653381348,
        0.0,
        0.2469552755355835,
        0.20846277475357056,
        0.5455309748649597,
        0.250757098197937,
        0.2845001220703125,
        0.20974314212799072,
        0.12243092060089111,
        0.3635331392288208,
        0.2643357515335083,
        0.2603400945663452,
        0.37274837493896484,
        0.24233967065811157,
        0.24886584281921387
      ],
      [
        0.4133356809616089,
        0.2469552755355835,
        0.0,
        0.17635869979858398,
        0.4913964867591858,
        0.1255885362625122,
        0.19756197929382324,
        0.4071460962295532,
        0.22641712427139282,
        0.4472806453704834,
        0.27953606843948364,
        0.4442700147628784,
        0.3270503282546997,
        0.20572596788406372,
        0.16112792491912842
      ],
      [
        0.30389297008514404,
        0.20846277475357056,
        0.17635869979858398,
        0.0,
        0.7085241079330444,
        0.22747385501861572,
        0.1463620662689209,
        0.33066797256469727,
        0.1911860704421997,
        0.3117222785949707,
        0.2808728814125061,
        0.2446075677871704,
        0.49815821647644043,
        0.2364414930343628,
        0.17835015058517456
      ],
      [
        0.5299667716026306,
        0.5455309748649597,
        0.4913964867591858,
        0.7085241079330444,
        0.0,
        0.4142411947250366,
        0.7142773866653442,
        0.4469285011291504,
        0.6703991889953613,
        0.9675983190536499,
        0.6860570311546326,
        0.7707797288894653,
        0.19878488779067993,
        0.5060573816299438,
        0.500783383846283
      ],
      [
        0.40162014961242676,
        0.250757098197937,
        0.1255885362625122,
        0.22747385501861572,
        0.4142411947250366,
        0.0,
        0.22269880771636963,
        0.39402925968170166,
        0.21518760919570923,
        0.4449065923690796,
        0.25533097982406616,
        0.38811373710632324,
        0.3120577335357666,
        0.19599378108978271,
        0.1049390435218811
      ],
      [
        0.33167827129364014,
        0.2845001220703125,
        0.19756197929382324,
        0.1463620662689209,
        0.7142773866653442,
        0.22269880771636963,
        0.0,
        0.36594176292419434,
        0.2900295853614807,
        0.27134740352630615,
        0.27057284116744995,
        0.2113928198814392,
        0.5263728499412537,
        0.12326735258102417,
        0.24098443984985352
      ],
      [
        0.14467138051986694,
        0.20974314212799072,
        0.4071460962295532,
        0.33066797256469727,
        0.4469285011291504,
        0.39402925968170166,
        0.36594176292419434,
        0.0,
        0.3427760601043701,
        0.5041850209236145,
        0.44967055320739746,
        0.25964492559432983,
        0.2661468982696533,
        0.2816901206970215,
        0.42286956310272217
      ],
      [
        0.2953864336013794,
        0.12243092060089111,
        0.22641712427139282,
        0.1911860704421997,
        0.6703991889953613,
        0.21518760919570923,
        0.2900295853614807,
        0.3427760601043701,
        0.0,
        0.3225864768028259,
        0.21612262725830078,
        0.33810508251190186,
        0.46265923976898193,
        0.31931328773498535,
        0.19045835733413696
      ],
      [
        0.4222118854522705,
        0.3635331392288208,
        0.4472806453704834,
        0.3117222785949707,
        0.9675983190536499,
        0.4449065923690796,
        0.27134740352630615,
        0.5041850209236145,
        0.3225864768028259,
        0.0,
        0.22392070293426514,
        0.2542988061904907,
        0.7055287957191467,
        0.3507908582687378,
        0.4502396583557129
      ],
      [
        0.4155029058456421,
        0.2643357515335083,
        0.27953606843948364,
        0.2808728814125061,
        0.6860570311546326,
        0.25533097982406616,
        0.27057284116744995,
        0.44967055320739746,
        0.21612262725830078,
        0.22392070293426514,
        0.0,
        0.35462284088134766,
        0.4442225694656372,
        0.28825080394744873,
        0.2717227339744568
      ],
      [
        0.18771213293075562,
        0.2603400945663452,
        0.4442700147628784,
        0.2446075677871704,
        0.7707797288894653,
        0.38811373710632324,
        0.2113928198814392,
        0.25964492559432983,
        0.33810508251190186,
        0.2542988061904907,
        0.35462284088134766,
        0.0,
        0.585008978843689,
        0.25961512327194214,
        0.4417860507965088
      ],
      [
        0.3956950306892395,
        0.37274837493896484,
        0.3270503282546997,
        0.49815821647644043,
        0.19878488779067993,
        0.3120577335357666,
        0.5263728499412537,
        0.2661468982696533,
        0.46265923976898193,
        0.7055287957191467,
        0.4442225694656372,
        0.585008978843689,
        0.0,
        0.34357279539108276,
        0.39703476428985596
      ],
      [
        0.26119381189346313,
        0.24233967065811157,
        0.20572596788406372,
        0.2364414930343628,
        0.5060573816299438,
        0.19599378108978271,
        0.12326735258102417,
        0.2816901206970215,
        0.31931328773498535,
        0.3507908582687378,
        0.28825080394744873,
        0.25961512327194214,
        0.34357279539108276,
        0.0,
        0.2525308132171631
      ],
      [
        0.41108083724975586,
        0.24886584281921387,
        0.16112792491912842,
        0.17835015058517456,
        0.500783383846283,
        0.1049390435218811,
        0.24098443984985352,
        0.42286956310272217,
        0.19045835733413696,
        0.4502396583557129,
        0.2717227339744568,
        0.4417860507965088,
        0.39703476428985596,
        0.2525308132171631,
        0.0
      ]
    ],
    "l2_dist": [
      [
        0.0,
        24.85979652404785,
        46.12556457519531,
        39.64995574951172,
        71.36058044433594,
        47.87738800048828,
        41.124019622802734,
        27.676158905029297,
        40.500274658203125,
        44.187347412109375,
        43.91053771972656,
        31.818410873413086,
        43.74636459350586,
        36.114749908447266,
        47.55965805053711
      ],
      [
        24.85979652404785,
        0.0,
        34.362571716308594,
        31.582185745239258,
        71.54949951171875,
        36.83493423461914,
        36.57670593261719,
        30.780941009521484,
        25.350202560424805,
        39.1644287109375,
        33.8963623046875,
        36.14756774902344,
        40.590518951416016,
        33.10143280029297,
        35.87104797363281
      ],
      [
        46.12556457519531,
        34.362571716308594,
        0.0,
        28.329391479492188,
        68.22879028320312,
        26.04132080078125,
        29.702688217163086,
        41.110992431640625,
        33.86466979980469,
        41.70478439331055,
        33.43056106567383,
        46.23396682739258,
        36.92879104614258,
        29.559473037719727,
        28.462026596069336
      ],
      [
        39.64995574951172,
        31.582185745239258,
        28.329391479492188,
        0.0,
        79.2852783203125,
        34.634986877441406,
        25.569061279296875,
        37.105125427246094,
        31.167749404907227,
        35.143924713134766,
        33.502986907958984,
        34.34843826293945,
        45.447052001953125,
        31.64994239807129,
        29.915691375732422
      ],
      [
        71.36058044433594,
        71.54949951171875,
        68.22879028320312,
        79.2852783203125,
        0.0,
        64.26235961914062,
        79.26520538330078,
        65.60685729980469,
        78.8293685913086,
        86.72108459472656,
        76.14910125732422,
        83.14600372314453,
        51.22394943237305,
        68.63560485839844,
        69.34031677246094
      ],
      [
        47.87738800048828,
        36.83493423461914,
        26.04132080078125,
        34.634986877441406,
        64.26235961914062,
        0.0,
        34.12873458862305,
        43.92841720581055,
        34.737213134765625,
        45.56098937988281,
        35.814701080322266,
        45.88035202026367,
        39.409305572509766,
        31.90537452697754,
        24.201452255249023
      ],
      [
        41.124019622802734,
        36.57670593261719,
        29.702688217163086,
        25.569061279296875,
        79.26520538330078,
        34.12873458862305,
        0.0,
        38.51847839355469,
        38.002777099609375,
        32.39832305908203,
        32.387672424316406,
        31.722030639648438,
        46.160133361816406,
        22.652997970581055,
        34.477073669433594
      ],
      [
        27.676158905029297,
        30.780941009521484,
        41.110992431640625,
        37.105125427246094,
        65.60685729980469,
        43.92841720581055,
        38.51847839355469,
        0.0,
        40.25562286376953,
        41.260169982910156,
        39.07237243652344,
        34.273414611816406,
        31.342594146728516,
        32.51771926879883,
        44.18503952026367
      ],
      [
        40.500274658203125,
        25.350202560424805,
        33.86466979980469,
        31.167749404907227,
        78.8293685913086,
        34.737213134765625,
        38.002777099609375,
        40.25562286376953,
        0.0,
        38.54606246948242,
        32.436344146728516,
        42.15567398071289,
        46.471527099609375,
        39.08475875854492,
        32.04753494262695
      ],
      [
        44.187347412109375,
        39.1644287109375,
        41.70478439331055,
        35.143924713134766,
        86.72108459472656,
        45.56098937988281,
        32.39832305908203,
        41.260169982910156,
        38.54606246948242,
        0.0,
        26.153579711914062,
        33.53038787841797,
        48.792388916015625,
        34.889984130859375,
        44.43730926513672
      ],
      [
        43.91053771972656,
        33.8963623046875,
        33.43056106567383,
        33.502986907958984,
        76.14910125732422,
        35.814701080322266,
        32.387672424316406,
        39.07237243652344,
        32.436344146728516,
        26.153579711914062,
        0.0,
        38.99076843261719,
        38.87763595581055,
        31.74420928955078,
        35.44425964355469
      ],
      [
        31.818410873413086,
        36.14756774902344,
        46.23396682739258,
        34.34843826293945,
        83.14600372314453,
        45.88035202026367,
        31.722030639648438,
        34.273414611816406,
        42.15567398071289,
        33.53038787841797,
        38.99076843261719,
        0.0,
        50.81517028808594,
        34.40988540649414,
        47.93057632446289
      ],
      [
        43.74636459350586,
        40.590518951416016,
        36.92879104614258,
        45.447052001953125,
        51.22394943237305,
        39.409305572509766,
        46.160133361816406,
        31.342594146728516,
        46.471527099609375,
        48.792388916015625,
        38.87763595581055,
        50.81517028808594,
        0.0,
        35.93999481201172,
        42.889095306396484
      ],
      [
        36.114749908447266,
        33.10143280029297,
        29.559473037719727,
        31.64994239807129,
        68.63560485839844,
        31.90537452697754,
        22.652997970581055,
        32.51771926879883,
        39.08475875854492,
        34.889984130859375,
        31.74420928955078,
        34.40988540649414,
        35.93999481201172,
        0.0,
        34.69942855834961
      ],
      [
        47.55965805053711,
        35.87104797363281,
        28.462026596069336,
        29.915691375732422,
        69.34031677246094,
        24.201452255249023,
        34.477073669433594,
        44.18503952026367,
        32.04753494262695,
        44.43730926513672,
        35.44425964355469,
        47.93057632446289,
        42.889095306396484,
        34.69942855834961,
        0.0
      ]
    ]
  },
  "A4_subspace_distances": {
    "tasks": [
      "yelp",
      "amazon",
      "mnli",
      "cb",
      "copa",
      "qqp",
      "rte",
      "imdb",
      "sst2",
      "dbpedia",
      "agnews",
      "yahoo",
      "multirc",
      "boolq",
      "wic"
    ],
    "k": 8,
    "geodesic": [
      [
        0.0,
        1.299014925956726,
        2.2885217666625977,
        2.1841635704040527,
        2.7812447547912598,
        2.3914098739624023,
        1.940140724182129,
        1.4795563220977783,
        2.092930316925049,
        2.1516027450561523,
        2.2490813732147217,
        1.9077211618423462,
        2.1402394771575928,
        2.0319905281066895,
        2.3870272636413574
      ],
      [
        1.299014925956726,
        0.0,
        2.0701301097869873,
        1.8242813348770142,
        2.7741096019744873,
        2.223414659500122,
        1.8099883794784546,
        1.6413034200668335,
        1.6972633600234985,
        1.8175276517868042,
        1.883702278137207,
        1.802924394607544,
        1.9364162683486938,
        1.7550432682037354,
        2.264848232269287
      ],
      [
        2.2885217666625977,
        2.0701301097869873,
        0.0,
        1.904762864112854,
        2.578396797180176,
        1.5700342655181885,
        1.7594789266586304,
        2.295151472091675,
        1.9834574460983276,
        1.9637812376022339,
        1.907844066619873,
        2.1760659217834473,
        2.233034372329712,
        2.1224563121795654,
        1.675927758216858
      ],
      [
        2.1841635704040527,
        1.8242813348770142,
        1.904762864112854,
        0.0,
        2.8664615154266357,
        2.2556040287017822,
        1.9049218893051147,
        2.00726318359375,
        2.030414342880249,
        2.072658061981201,
        2.076549768447876,
        1.896583080291748,
        2.0456511974334717,
        2.074446201324463,
        2.113314390182495
      ],
      [
        2.7812447547912598,
        2.7741096019744873,
        2.578396797180176,
        2.8664615154266357,
        0.0,
        2.6023950576782227,
        2.743285894393921,
        2.726872444152832,
        2.974276304244995,
        2.7860095500946045,
        2.717271327972412,
        2.8643789291381836,
        2.542799472808838,
        2.7599287033081055,
        2.3115222454071045
      ],
      [
        2.3914098739624023,
        2.223414659500122,
        1.5700342655181885,
        2.2556040287017822,
        2.6023950576782227,
        0.0,
        2.0831968784332275,
        2.410637855529785,
        2.2269346714019775,
        2.3140268325805664,
        2.302377462387085,
        2.2062723636627197,
        2.343442678451538,
        2.2607874870300293,
        1.9771982431411743
      ],
      [
        1.940140724182129,
        1.8099883794784546,
        1.7594789266586304,
        1.9049218893051147,
        2.743285894393921,
        2.0831968784332275,
        0.0,
        2.121286153793335,
        2.005438804626465,
        1.6124789714813232,
        1.7552920579910278,
        2.0059335231781006,
        1.8288404941558838,
        1.4018173217773438,
        2.15618896484375
      ],
      [
        1.4795563220977783,
        1.6413034200668335,
        2.295151472091675,
        2.00726318359375,
        2.726872444152832,
        2.410637855529785,
        2.121286153793335,
        0.0,
        2.2099974155426025,
        2.320281982421875,
        2.2597594261169434,
        1.6362354755401611,
        2.0013267993927,
        2.02620005607605,
        2.339120388031006
      ],
      [
        2.092930316925049,
        1.6972633600234985,
        1.9834574460983276,
        2.030414342880249,
        2.974276304244995,
        2.2269346714019775,
        2.005438804626465,
        2.2099974155426025,
        0.0,
        1.920364499092102,
        1.766860008239746,
        2.083312511444092,
        2.4326744079589844,
        2.1520092487335205,
        2.230414628982544
      ],
      [
        2.1516027450561523,
        1.8175276517868042,
        1.9637812376022339,
        2.072658061981201,
        2.7860095500946045,
        2.3140268325805664,
        1.6124789714813232,
        2.320281982421875,
        1.920364499092102,
        0.0,
        1.3371567726135254,
        2.0750932693481445,
        2.055065393447876,
        1.5781795978546143,
        2.2288787364959717
      ],
      [
        2.2490813732147217,
        1.883702278137207,
        1.907844066619873,
        2.076549768447876,
        2.717271327972412,
        2.302377462387085,
        1.7552920579910278,
        2.2597594261169434,
        1.766860008239746,
        1.3371567726135254,
        0.0,
        2.1200358867645264,
        2.091409206390381,
        1.8795456886291504,
        2.0724782943725586
      ],
      [
        1.9077211618423462,
        1.802924394607544,
        2.1760659217834473,
        1.896583080291748,
        2.8643789291381836,
        2.2062723636627197,
        2.0059335231781006,
        1.6362354755401611,
        2.083312511444092,
        2.0750932693481445,
        2.1200358867645264,
        0.0,
        1.9355573654174805,
        1.9327157735824585,
        2.3755977153778076
      ],
      [
        2.1402394771575928,
        1.9364162683486938,
        2.233034372329712,
        2.0456511974334717,
        2.542799472808838,
        2.343442678451538,
        1.8288404941558838,
        2.0013267993927,
        2.4326744079589844,
        2.055065393447876,
        2.091409206390381,
        1.9355573654174805,
        0.0,
        1.6277403831481934,
        2.1516590118408203
      ],
      [
        2.0319905281066895,
        1.7550432682037354,
        2.1224563121795654,
        2.074446201324463,
        2.7599287033081055,
        2.2607874870300293,
        1.4018173217773438,
        2.02620005607605,
        2.1520092487335205,
        1.5781795978546143,
        1.8795456886291504,
        1.9327157735824585,
        1.6277403831481934,
        0.0,
        2.298370599746704
      ],
      [
        2.3870272636413574,
        2.264848232269287,
        1.675927758216858,
        2.113314390182495,
        2.3115222454071045,
        1.9771982431411743,
        2.15618896484375,
        2.339120388031006,
        2.230414628982544,
        2.2288787364959717,
        2.0724782943725586,
        2.3755977153778076,
        2.1516590118408203,
        2.298370599746704,
        0.0
      ]
    ],
    "chordal": [
      [
        0.0,
        1.1908485889434814,
        1.8018712997436523,
        1.7304998636245728,
        2.0763607025146484,
        1.936883568763733,
        1.6650651693344116,
        1.3303229808807373,
        1.731972575187683,
        1.7590800523757935,
        1.7557045221328735,
        1.5351948738098145,
        1.7735340595245361,
        1.6815999746322632,
        1.8876316547393799
      ],
      [
        1.1908485889434814,
        0.0,
        1.6378329992294312,
        1.56928551197052,
        2.0770723819732666,
        1.7546298503875732,
        1.5714586973190308,
        1.3685740232467651,
        1.512692928314209,
        1.5625118017196655,
        1.5861384868621826,
        1.472663402557373,
        1.7001051902770996,
        1.540825366973877,
        1.7932466268539429
      ],
      [
        1.8018712997436523,
        1.6378329992294312,
        0.0,
        1.6023951768875122,
        2.01898455619812,
        1.4027161598205566,
        1.4542759656906128,
        1.814990758895874,
        1.7004283666610718,
        1.666195273399353,
        1.6414897441864014,
        1.6995099782943726,
        1.743037462234497,
        1.6623514890670776,
        1.5215617418289185
      ],
      [
        1.7304998636245728,
        1.56928551197052,
        1.6023951768875122,
        0.0,
        2.1560213565826416,
        1.7769922018051147,
        1.5819216966629028,
        1.650857925415039,
        1.6997992992401123,
        1.7016853094100952,
        1.6794949769973755,
        1.6032780408859253,
        1.7537147998809814,
        1.7011386156082153,
        1.7271175384521484
      ],
      [
        2.0763607025146484,
        2.0770723819732666,
        2.01898455619812,
        2.1560213565826416,
        0.0,
        2.035963296890259,
        2.062180757522583,
        2.051513910293579,
        2.2229466438293457,
        2.096860647201538,
        2.062954902648926,
        2.1116199493408203,
        1.9467905759811401,
        2.0676560401916504,
        1.7751491069793701
      ],
      [
        1.936883568763733,
        1.7546298503875732,
        1.4027161598205566,
        1.7769922018051147,
        2.035963296890259,
        0.0,
        1.6398735046386719,
        1.8948863744735718,
        1.7975693941116333,
        1.8166022300720215,
        1.7989996671676636,
        1.7421684265136719,
        1.8179441690444946,
        1.7523950338363647,
        1.542983889579773
      ],
      [
        1.6650651693344116,
        1.5714586973190308,
        1.4542759656906128,
        1.5819216966629028,
        2.062180757522583,
        1.6398735046386719,
        0.0,
        1.6530134677886963,
        1.7231550216674805,
        1.4656414985656738,
        1.5226588249206543,
        1.5621469020843506,
        1.593996524810791,
        1.2925739288330078,
        1.6979304552078247
      ],
      [
        1.3303229808807373,
        1.3685740232467651,
        1.814990758895874,
        1.650857925415039,
        2.051513910293579,
        1.8948863744735718,
        1.6530134677886963,
        0.0,
        1.7776918411254883,
        1.7457289695739746,
        1.711656928062439,
        1.4295951128005981,
        1.6225676536560059,
        1.5981600284576416,
        1.8455313444137573
      ],
      [
        1.731972575187683,
        1.512692928314209,
        1.7004283666610718,
        1.6997992992401123,
        2.2229466438293457,
        1.7975693941116333,
        1.7231550216674805,
        1.7776918411254883,
        0.0,
        1.6694633960723877,
        1.5854617357254028,
        1.7360873222351074,
        1.914629340171814,
        1.7756321430206299,
        1.8128706216812134
      ],
      [
        1.7590800523757935,
        1.5625118017196655,
        1.666195273399353,
        1.7016853094100952,
        2.096860647201538,
        1.8166022300720215,
        1.4656414985656738,
        1.7457289695739746,
        1.6694633960723877,
        0.0,
        1.2354360818862915,
        1.61616849899292,
        1.6927721500396729,
        1.4055737257003784,
        1.8064171075820923
      ],
      [
        1.7557045221328735,
        1.5861384868621826,
        1.6414897441864014,
        1.6794949769973755,
        2.062954902648926,
        1.7989996671676636,
        1.5226588249206543,
        1.711656928062439,
        1.5854617357254028,
        1.2354360818862915,
        0.0,
        1.6351624727249146,
        1.667944073677063,
        1.5551871061325073,
        1.6766589879989624
      ],
      [
        1.5351948738098145,
        1.472663402557373,
        1.6995099782943726,
        1.6032780408859253,
        2.1116199493408203,
        1.7421684265136719,
        1.5621469020843506,
        1.4295951128005981,
        1.7360873222351074,
        1.61616849899292,
        1.6351624727249146,
        0.0,
        1.6775925159454346,
        1.5692777633666992,
        1.8176026344299316
      ],
      [
        1.7735340595245361,
