{
  "backbone": "Llama-2-7b-hf",
  "benchmark": "Long_Sequence",
  "d_model": 4096,
  "tasks_found": [
    "yelp",
    "amazon",
    "mnli",
    "cb",
    "copa",
    "qqp",
    "rte",
    "imdb",
    "sst2",
    "dbpedia",
    "agnews",
    "yahoo",
    "multirc",
    "boolq",
    "wic"
  ],
  "subspace_k": 8,
  "whitened": true,
  "A1_effective_dim": {
    "yelp": {
      "evr_k95": 1372,
      "participation_ratio": 946.004150390625,
      "effective_rank": 1283.4501953125,
      "top5_eigvals": [
        10.423748016357422,
        9.938876152038574,
        9.302766799926758,
        9.1494779586792,
        8.657651901245117
      ],
      "d": 4096,
      "n": 5000
    },
    "amazon": {
      "evr_k95": 1496,
      "participation_ratio": 1072.2823486328125,
      "effective_rank": 1423.050537109375,
      "top5_eigvals": [
        10.326854705810547,
        9.956086158752441,
        9.566508293151855,
        9.082921028137207,
        8.9323091506958
      ],
      "d": 4096,
      "n": 5000
    },
    "mnli": {
      "evr_k95": 1080,
      "participation_ratio": 718.7164306640625,
      "effective_rank": 1002.72607421875,
      "top5_eigvals": [
        16.875930786132812,
        16.042089462280273,
        15.4714937210083,
        14.892303466796875,
        14.365567207336426
      ],
      "d": 4096,
      "n": 3000
    },
    "cb": {
      "evr_k95": 148,
      "participation_ratio": 113.3416519165039,
      "effective_rank": 143.6429901123047,
      "top5_eigvals": [
        106.60816955566406,
        66.74591064453125,
        62.6765022277832,
        59.339359283447266,
        54.842105865478516
      ],
      "d": 4096,
      "n": 250
    },
    "copa": {
      "evr_k95": 246,
      "participation_ratio": 163.48379516601562,
      "effective_rank": 230.35409545898438,
      "top5_eigvals": [
        106.66929626464844,
        90.77762603759766,
        87.69451904296875,
        56.07439422607422,
        50.55698013305664
      ],
      "d": 4096,
      "n": 400
    },
    "qqp": {
      "evr_k95": 869,
      "participation_ratio": 574.9052124023438,
      "effective_rank": 800.5896606445312,
      "top5_eigvals": [
        22.898954391479492,
        21.4383487701416,
        20.865339279174805,
        20.624361038208008,
        19.5195369720459
      ],
      "d": 4096,
      "n": 2000
    },
    "rte": {
      "evr_k95": 804,
      "participation_ratio": 606.1376342773438,
      "effective_rank": 790.7476196289062,
      "top5_eigvals": [
        22.364517211914062,
        20.2139835357666,
        17.919837951660156,
        16.69976043701172,
        15.969746589660645
      ],
      "d": 4096,
      "n": 2000
    },
    "imdb": {
      "evr_k95": 945,
      "participation_ratio": 741.01416015625,
      "effective_rank": 935.3621826171875,
      "top5_eigvals": [
        23.007081985473633,
        21.78156852722168,
        20.372846603393555,
        19.473966598510742,
        16.242401123046875
      ],
      "d": 4096,
      "n": 2000
    },
    "sst2": {
      "evr_k95": 612,
      "participation_ratio": 305.1972961425781,
      "effective_rank": 503.2938537597656,
      "top5_eigvals": [
        25.394746780395508,
        24.531230926513672,
        23.55001449584961,
        23.23046875,
        22.379276275634766
      ],
      "d": 4096,
      "n": 2000
    },
    "dbpedia": {
      "evr_k95": 2956,
      "participation_ratio": 2586.59521484375,
      "effective_rank": 3012.537841796875,
      "top5_eigvals": [
        3.8927717208862305,
        3.845346689224243,
        3.81457781791687,
        3.809211015701294,
        3.800499677658081
      ],
      "d": 4096,
      "n": 14000
    },
    "agnews": {
      "evr_k95": 1892,
      "participation_ratio": 1439.3162841796875,
      "effective_rank": 1831.3380126953125,
      "top5_eigvals": [
        12.941217422485352,
        12.485854148864746,
        11.743274688720703,
        11.696962356567383,
        11.415563583374023
      ],
      "d": 4096,
      "n": 4000
    },
    "yahoo": {
      "evr_k95": 2285,
      "participation_ratio": 1664.2421875,
      "effective_rank": 2165.14892578125,
      "top5_eigvals": [
        5.39768123626709,
        4.962625980377197,
        4.8309760093688965,
        4.775697231292725,
        4.542346477508545
      ],
      "d": 4096,
      "n": 10000
    },
    "multirc": {
      "evr_k95": 834,
      "participation_ratio": 604.6171875,
      "effective_rank": 781.8598022460938,
      "top5_eigvals": [
        24.49342918395996,
        23.468860626220703,
        23.4344539642334,
        23.013980865478516,
        22.62140464782715
      ],
      "d": 4096,
      "n": 2000
    },
    "boolq": {
      "evr_k95": 903,
      "participation_ratio": 756.2257690429688,
      "effective_rank": 927.1825561523438,
      "top5_eigvals": [
        23.179218292236328,
        17.771026611328125,
        16.412151336669922,
        15.179060935974121,
        14.707499504089355
      ],
      "d": 4096,
      "n": 2000
    },
    "wic": {
      "evr_k95": 1017,
      "participation_ratio": 659.88671875,
      "effective_rank": 925.5958251953125,
      "top5_eigvals": [
        24.986583709716797,
        23.028244018554688,
        22.359153747558594,
        21.081369400024414,
        20.08715057373047
      ],
      "d": 4096,
      "n": 2000
    }
  },
  "A2_gaussianity": {
    "yelp": {
      "excess_kurtosis_top_pcs": [
        0.38628440408343323,
        0.47918323399122453,
        6.6553130055597585,
        46.62771006960035,
        11.859838594496118,
        33.87289552357936,
        8.842870049315453,
        7.771689069154691,
        10.967360797538854,
        1.6936557923370659
      ],
      "mean_abs_kurtosis": 12.91568005396563
    },
    "amazon": {
      "excess_kurtosis_top_pcs": [
        -0.23919809652703528,
        102.23636259636325,
        9.763907796981071,
        11.581633099316017,
        11.514002409479723,
        8.789365177730783,
        27.419618149884872,
        24.836011559139003,
        6.3517398862445,
        7.904436552034976
      ],
      "mean_abs_kurtosis": 21.063627532370127
    },
    "mnli": {
      "excess_kurtosis_top_pcs": [
        0.5831667266363936,
        44.33938128503177,
        12.651350791569277,
        25.618788036399444,
        70.57387882223998,
        8.013765150236868,
        22.170078430592444,
        17.36337847617217,
        5.861526632646935,
        9.277155015390743
      ],
      "mean_abs_kurtosis": 21.6452469366916
    },
    "cb": {
      "excess_kurtosis_top_pcs": [
        -0.8733508149352716,
        6.112734993441531,
        180.43292433544195,
        14.744016519638436,
        53.97110001532159,
        70.94696338306305,
        36.536346708074596,
        90.90090191331083,
        8.955555029168652,
        18.144160569716465
      ],
      "mean_abs_kurtosis": 48.16180542821124
    },
    "copa": {
      "excess_kurtosis_top_pcs": [
        11.253012660445354,
        -1.2807884940042986,
        6.113356467685239,
        6.0119974420732305,
        0.9058007239803119,
        17.884114797490685,
        4.760666922612256,
        4.499258232915135,
        6.7986266708341585,
        48.06233187427512
      ],
      "mean_abs_kurtosis": 10.756995428631578
    },
    "qqp": {
      "excess_kurtosis_top_pcs": [
        -0.8619809256625719,
        5.664557275736129,
        4.021447141902766,
        3.3893054581663,
        7.523275807479434,
        3.776019191960523,
        6.204550908765249,
        4.957702090228219,
        9.999632928803411,
        5.7312290566234125
      ],
      "mean_abs_kurtosis": 5.212970078532802
    },
    "rte": {
      "excess_kurtosis_top_pcs": [
        -0.9776293941121881,
        20.190767555135565,
        24.480649871501345,
        1.018757353944431,
        25.13568550603714,
        17.069404184791953,
        66.72087896025639,
        12.094224387192611,
        117.11117930828264,
        184.42075575028645
      ],
      "mean_abs_kurtosis": 46.92199322715407
    },
    "imdb": {
      "excess_kurtosis_top_pcs": [
        84.59431868194339,
        3.8115888519847863,
        -0.8752824377233908,
        143.34922348425883,
        7.00197253486162,
        259.35996614192646,
        5.331572758189667,
        14.913460926688895,
        5.61033890078302,
        5.912355035306838
      ],
      "mean_abs_kurtosis": 53.07600797536669
    },
    "sst2": {
      "excess_kurtosis_top_pcs": [
        0.6977224005063571,
        6.332975082210545,
        1.6963335284280516,
        25.036620039068737,
        6.37451717828362,
        11.732753911471391,
        7.652736823184252,
        3.894696468590114,
        3.392191533293267,
        14.383258094610952
      ],
      "mean_abs_kurtosis": 8.11938050596473
    },
    "dbpedia": {
      "excess_kurtosis_top_pcs": [
        -0.47510865122788104,
        12.734405583348762,
        2.284997041725804,
        9.562485123890397,
        2.2525299138962422,
        3.500395891486937,
        8.983029889996324,
        19.524804050709193,
        2.2301296434435507,
        5.6296257955402655
      ],
      "mean_abs_kurtosis": 6.717751158526535
    },
    "agnews": {
      "excess_kurtosis_top_pcs": [
        -1.1189405903948475,
        66.72030968990676,
        2.4271063626120952,
        3.8377088294094825,
        1.7145915875457352,
        6.766989309976006,
        2.942787402333691,
        4.210969363957489,
        4.10503446844244,
        31.44029463374742
      ],
      "mean_abs_kurtosis": 12.528473223832595
    },
    "yahoo": {
      "excess_kurtosis_top_pcs": [
        -0.7250922882485598,
        10.547842004847046,
        2.578898183206321,
        21.131077634665186,
        49.94398483318382,
        7.622160207337723,
        5.945439547447245,
        0.3253635655026339,
        36.04956960428462,
        8.775690606911558
      ],
      "mean_abs_kurtosis": 14.364511847563469
    },
    "multirc": {
      "excess_kurtosis_top_pcs": [
        58.526313660130825,
        96.87426406565544,
        121.57273085754422,
        97.25733931146499,
        56.77325054712472,
        21.86073574425076,
        61.475871110637485,
        21.33854719465018,
        50.66989325255553,
        14.833400482049612
      ],
      "mean_abs_kurtosis": 60.11823462260637
    },
    "boolq": {
      "excess_kurtosis_top_pcs": [
        -0.5681583935890147,
        -0.4924250134619146,
        31.736079724194035,
        11.708628191307458,
        58.234711757113914,
        60.830645233714556,
        27.580350430839736,
        11.857587696211143,
        17.572770552328496,
        27.949268308801603
      ],
      "mean_abs_kurtosis": 24.853062530156187
    },
    "wic": {
      "excess_kurtosis_top_pcs": [
        -1.2811146153135755,
        4.665224710384269,
        5.762014663020871,
        37.99714315353377,
        2.377265629944368,
        28.35409300374743,
        10.93056023988389,
        5.118498029041694,
        4.265039842178948,
        2.3917138217871914
      ],
      "mean_abs_kurtosis": 10.314266770883602
    }
  },
  "A2b_multimodality": {
    "yelp": {
      "bic_per_k": {
        "1": 725221.1166049577,
        "2": 513026.5822822085,
        "3": 509850.6711357887,
        "4": 505089.0123109804,
        "5": 500963.61708605016
      },
      "best_k": 5,
      "multi_modal": true,
      "n_pcs_used": 30
    },
    "amazon": {
      "bic_per_k": {
        "1": 729389.0757209347,
        "2": 552529.8740454431,
        "3": 545561.274295469,
        "4": 540969.7096642383,
        "5": 611932.2267359939
      },
      "best_k": 4,
      "multi_modal": true,
      "n_pcs_used": 30
    },
    "mnli": {
      "bic_per_k": {
        "1": 482576.195313929,
        "2": 478864.3542636819,
        "3": 393831.94985212845,
        "4": 389733.8589022157,
        "5": 385207.8108944489
      },
      "best_k": 5,
      "multi_modal": true,
      "n_pcs_used": 30
    },
    "cb": {
      "bic_per_k": {
        "1": 50083.50840964595,
        "2": 49850.18178969874,
        "3": 49834.92508633228,
        "4": 49499.64860623923,
        "5": 48907.74218106819
      },
      "best_k": 5,
      "multi_modal": true,
      "n_pcs_used": 30
    },
    "copa": {
      "bic_per_k": {
        "1": 77852.24237058555,
        "2": 65256.42715367225,
        "3": 63314.451082717365,
        "4": 62407.757262806204,
        "5": 60104.84918286985
      },
      "best_k": 5,
      "multi_modal": true,
      "n_pcs_used": 30
    },
    "qqp": {
      "bic_per_k": {
        "1": 332308.9751090387,
        "2": 326807.4830533901,
        "3": 293044.7475808175,
        "4": 288035.092195651,
        "5": 273229.8955007277
      },
      "best_k": 5,
      "multi_modal": true,
      "n_pcs_used": 30
    },
    "rte": {
      "bic_per_k": {
        "1": 323437.3888410915,
        "2": 319939.2330230671,
        "3": 252088.3601949987,
        "4": 249123.45270319874
      },
      "best_k": 4,
      "multi_modal": true,
      "n_pcs_used": 30
    },
    "imdb": {
      "bic_per_k": {
        "1": 327604.5332975746,
        "2": 269544.7891449414,
        "3": 254687.16045435116,
        "4": 239587.47591056657,
        "5": 239346.5521437037
      },
      "best_k": 5,
      "multi_modal": true,
      "n_pcs_used": 30
    },
    "sst2": {
      "bic_per_k": {
        "1": 337201.8657403879,
        "2": 323867.18845467584,
        "3": 310403.6686017404,
        "4": 302113.17097901815,
        "5": 245217.424490374
      },
      "best_k": 5,
      "multi_modal": true,
      "n_pcs_used": 30
    },
    "dbpedia": {
      "bic_per_k": {
        "1": 1737608.777769324,
        "2": 1520795.2515715987,
        "3": 1370733.6231839485,
        "4": 1346666.6618969843,
        "5": 1312353.764464928
      },
      "best_k": 5,
      "multi_modal": true,
      "n_pcs_used": 30
    },
    "agnews": {
      "bic_per_k": {
        "1": 621193.2401753344,
        "2": 583729.8675514826,
        "3": 547969.3437828542,
        "4": 544152.0701579775,
        "5": 533885.42277797
      },
      "best_k": 5,
      "multi_modal": true,
      "n_pcs_used": 30
    },
    "yahoo": {
      "bic_per_k": {
        "1": 1271302.3275130356,
        "2": 1242783.233043269,
        "3": 1085827.3347553653,
        "4": 1038185.8421557781,
        "5": 1002465.7401236643
      },
      "best_k": 5,
      "multi_modal": true,
      "n_pcs_used": 30
    },
    "multirc": {
      "bic_per_k": {
        "1": 352938.25698207755,
        "2": 347168.4913502599,
        "3": 343254.5203872177,
        "4": 334637.3520276521,
        "5": 329253.0939496147
      },
      "best_k": 5,
      "multi_modal": true,
      "n_pcs_used": 30
    },
    "boolq": {
      "bic_per_k": {
        "1": 329692.16802993533,
        "2": 240949.8414743837,
        "3": 222364.29124854013,
        "4": 222318.95443836853,
        "5": 218866.99872558442
      },
      "best_k": 5,
      "multi_modal": true,
      "n_pcs_used": 30
    },
    "wic": {
      "bic_per_k": {
        "1": 330428.9151116915,
        "2": 281975.32286005747,
        "3": 276390.9164328449,
        "4": 299657.12034441205,
        "5": 261723.32591268298
      },
      "best_k": 5,
      "multi_modal": true,
      "n_pcs_used": 30
    }
  },
  "A3_centroid_distances": {
    "tasks": [
      "yelp",
      "amazon",
      "mnli",
      "cb",
      "copa",
      "qqp",
      "rte",
      "imdb",
      "sst2",
      "dbpedia",
      "agnews",
      "yahoo",
      "multirc",
      "boolq",
      "wic"
    ],
    "cosine_dist": [
      [
        0.0,
        1.048710823059082,
        1.0886461734771729,
        1.027185320854187,
        1.0316498279571533,
        1.078938603401184,
        1.075472354888916,
        1.0454899072647095,
        1.0535557270050049,
        1.1958951950073242,
        1.1007672548294067,
        1.1371487379074097,
        1.0776995420455933,
        1.0809065103530884,
        1.0677821636199951
      ],
      [
        1.048710823059082,
        0.0,
        1.083301067352295,
        1.0191588401794434,
        1.0351611375808716,
        1.069379448890686,
        1.0766756534576416,
        1.0035488605499268,
        1.04852294921875,
        1.198807716369629,
        1.0963807106018066,
        1.1520012617111206,
        1.0791329145431519,
        1.068361759185791,
        1.0689173936843872
      ],
      [
        1.0886461734771729,
        1.083301067352295,
        0.0,
        0.9286409616470337,
        1.0043821334838867,
        1.0115705728530884,
        0.9582560062408447,
        1.0607671737670898,
        1.03347909450531,
        1.1539843082427979,
        1.079750657081604,
        1.1279308795928955,
        1.0250043869018555,
        1.0412654876708984,
        1.0455801486968994
      ],
      [
        1.027185320854187,
        1.0191588401794434,
        0.9286409616470337,
        0.0,
        0.9917097091674805,
        1.011741280555725,
        0.9816150069236755,
        1.0059148073196411,
        0.9948498010635376,
        1.062020182609558,
        1.026492953300476,
        1.0457576513290405,
        0.9919059872627258,
        1.0309370756149292,
        0.9696430563926697
      ],
      [
        1.0316498279571533,
        1.0351611375808716,
        1.0043821334838867,
        0.9917097091674805,
        0.0,
        0.9871967434883118,
        1.0124304294586182,
        1.0181525945663452,
        1.0304348468780518,
        1.0622330904006958,
        1.02863347530365,
        1.0515327453613281,
        0.9788802266120911,
        1.0170787572860718,
        0.9651702046394348
      ],
      [
        1.078938603401184,
        1.069379448890686,
        1.0115705728530884,
        1.011741280555725,
        0.9871967434883118,
        0.0,
        1.0231572389602661,
        1.0449782609939575,
        1.0380899906158447,
        1.1289629936218262,
        1.06969153881073,
        1.0804147720336914,
        1.0246678590774536,
        1.019888162612915,
        1.0086466073989868
      ],
      [
        1.075472354888916,
        1.0766756534576416,
        0.9582560062408447,
        0.9816150069236755,
        1.0124304294586182,
        1.0231572389602661,
        0.0,
        1.0456106662750244,
        1.046970009803772,
        1.1195787191390991,
        1.018627643585205,
        1.1041330099105835,
        1.045078992843628,
        1.017149806022644,
        1.0242825746536255
      ],
      [
        1.0454899072647095,
        1.0035488605499268,
        1.0607671737670898,
        1.0059148073196411,
        1.0181525945663452,
        1.0449782609939575,
        1.0456106662750244,
        0.0,
        1.0226022005081177,
        1.1223316192626953,
        1.0619572401046753,
        1.0773106813430786,
        1.0233873128890991,
        1.0540192127227783,
        1.0429023504257202
      ],
      [
        1.0535557270050049,
        1.04852294921875,
        1.03347909450531,
        0.9948498010635376,
        1.0304348468780518,
        1.0380899906158447,
        1.046970009803772,
        1.0226022005081177,
        0.0,
        1.1243674755096436,
        1.0452710390090942,
        1.103194236755371,
        1.0445878505706787,
        1.0405915975570679,
        1.0261129140853882
      ],
      [
        1.1958951950073242,
        1.198807716369629,
        1.1539843082427979,
        1.062020182609558,
        1.0622330904006958,
        1.1289629936218262,
        1.1195787191390991,
        1.1223316192626953,
        1.1243674755096436,
        0.0,
        1.1586908102035522,
        1.2777247428894043,
        1.1260777711868286,
        1.0941102504730225,
        1.1236088275909424
      ],
      [
        1.1007672548294067,
        1.0963807106018066,
        1.079750657081604,
        1.026492953300476,
        1.02863347530365,
        1.06969153881073,
        1.018627643585205,
        1.0619572401046753,
        1.0452710390090942,
        1.1586908102035522,
        0.0,
        1.1327615976333618,
        1.0275919437408447,
        1.0540904998779297,
        1.057806372642517
      ],
      [
        1.1371487379074097,
        1.1520012617111206,
        1.1279308795928955,
        1.0457576513290405,
        1.0515327453613281,
        1.0804147720336914,
        1.1041330099105835,
        1.0773106813430786,
        1.103194236755371,
        1.2777247428894043,
        1.1327615976333618,
        0.0,
        1.0932124853134155,
        1.0923359394073486,
        1.0985537767410278
      ],
      [
        1.0776995420455933,
        1.0791329145431519,
        1.0250043869018555,
        0.9919059872627258,
        0.9788802266120911,
        1.0246678590774536,
        1.045078992843628,
        1.0233873128890991,
        1.0445878505706787,
        1.1260777711868286,
        1.0275919437408447,
        1.0932124853134155,
        0.0,
        0.9311158061027527,
        1.040023922920227
      ],
      [
        1.0809065103530884,
        1.068361759185791,
        1.0412654876708984,
        1.0309370756149292,
        1.0170787572860718,
        1.019888162612915,
        1.017149806022644,
        1.0540192127227783,
        1.0405915975570679,
        1.0941102504730225,
        1.0540904998779297,
        1.0923359394073486,
        0.9311158061027527,
        0.0,
        1.0478637218475342
      ],
      [
        1.0677821636199951,
        1.0689173936843872,
        1.0455801486968994,
        0.9696430563926697,
        0.9651702046394348,
        1.0086466073989868,
        1.0242825746536255,
        1.0429023504257202,
        1.0261129140853882,
        1.1236088275909424,
        1.057806372642517,
        1.0985537767410278,
        1.040023922920227,
        1.0478637218475342,
        0.0
      ]
    ],
    "l2_dist": [
      [
        0.0,
        4.239813804626465,
        4.9498724937438965,
        10.159287452697754,
        10.335341453552246,
        5.6708197593688965,
        5.437729358673096,
        5.407259464263916,
        5.711025238037109,
        3.6603446006774902,
        4.6699748039245605,
        3.7921643257141113,
        5.428900718688965,
        5.406065464019775,
        5.793069362640381
      ],
      [
        4.239813804626465,
        0.0,
        4.895639419555664,
        10.116954803466797,
        10.32483196258545,
        5.610669136047363,
        5.401883125305176,
        5.269656181335449,
        5.662930488586426,
        3.6066203117370605,
        4.615669250488281,
        3.760392189025879,
        5.3934197425842285,
        5.337840557098389,
        5.759578227996826
      ],
      [
        4.9498724937438965,
        4.895639419555664,
        0.0,
        10.078980445861816,
        10.504071235656738,
        5.952752590179443,
        5.596073150634766,
        5.922249794006348,
        6.1096110343933105,
        4.29030704498291,
        5.179741859436035,
        4.437563896179199,
        5.772447109222412,
        5.7896881103515625,
        6.188263416290283
      ],
      [
        10.159287452697754,
        10.116954803466797,
        10.078980445861816,
        0.0,
        13.695116996765137,
        10.732662200927734,
        10.499099731445312,
        10.615967750549316,
        10.713994979858398,
        9.879264831542969,
        10.27938175201416,
        9.932938575744629,
        10.533279418945312,
        10.671076774597168,
        10.629368782043457
      ],
      [
        10.335341453552246,
        10.32483196258545,
        10.504071235656738,
        13.695116996765137,
        0.0,
        10.784733772277832,
        10.777356147766113,
        10.820526123046875,
        11.01834487915039,
        10.04804515838623,
        10.447820663452148,
        10.111506462097168,
        10.637372970581055,
        10.773676872253418,
        10.7626953125
      ],
      [
        5.6708197593688965,
        5.610669136047363,
        5.952752590179443,
        10.732662200927734,
        10.784733772277832,
        0.0,
        6.406426906585693,
        6.508738994598389,
        6.727839469909668,
        5.092461585998535,
        5.869268894195557,
        5.169737815856934,
        6.399491786956787,
        6.35955810546875,
        6.6714606285095215
      ],
      [
        5.437729358673096,
        5.401883125305176,
        5.596073150634766,
        10.499099731445312,
        10.777356147766113,
        6.406426906585693,
        0.0,
        6.31718111038208,
        6.569386959075928,
        4.827981948852539,
        5.520267963409424,
        4.967565059661865,
        6.268013000488281,
        6.157957077026367,
        6.539117813110352
      ],
      [
        5.407259464263916,
        5.269656181335449,
        5.922249794006348,
        10.615967750549316,
        10.820526123046875,
        6.508738994598389,
        6.31718111038208,
        0.0,
        6.5263752937316895,
        4.878108024597168,
        5.672127723693848,
        4.9651947021484375,
        6.237765312194824,
        6.304349899291992,
        6.631834030151367
      ],
      [
        5.711025238037109,
        5.662930488586426,
        6.1096110343933105,
        10.713994979858398,
        11.01834487915039,
        6.727839469909668,
        6.569386959075928,
        6.5263752937316895,
        0.0,
        5.19851016998291,
        5.903193473815918,
        5.320489406585693,
        6.550299644470215,
        6.512816429138184,
        6.813275337219238
      ],
      [
        3.6603446006774902,
        3.6066203117370605,
        4.29030704498291,
        9.879264831542969,
        10.04804515838623,
        5.092461585998535,
        4.827981948852539,
        4.878108024597168,
        5.19851016998291,
        0.0,
        3.9412574768066406,
        2.925204038619995,
        4.821841239929199,
        4.7402520179748535,
        5.249640464782715
      ],
      [
        4.6699748039245605,
        4.615669250488281,
        5.179741859436035,
        10.27938175201416,
        10.447820663452148,
        5.869268894195557,
        5.520267963409424,
        5.672127723693848,
        5.903193473815918,
        3.9412574768066406,
        0.0,
        4.102447032928467,
        5.530267715454102,
        5.5696916580200195,
        5.98220682144165
      ],
      [
        3.7921643257141113,
        3.760392189025879,
        4.437563896179199,
        9.932938575744629,
        10.111506462097168,
        5.169737815856934,
        4.967565059661865,
        4.9651947021484375,
        5.320489406585693,
        2.925204038619995,
        4.102447032928467,
        0.0,
        4.933077335357666,
        4.8984174728393555,
        5.363315105438232
      ],
      [
        5.428900718688965,
        5.3934197425842285,
        5.772447109222412,
        10.533279418945312,
        10.637372970581055,
        6.399491786956787,
        6.268013000488281,
        6.237765312194824,
        6.550299644470215,
        4.821841239929199,
        5.530267715454102,
        4.933077335357666,
        0.0,
        5.880277633666992,
        6.577410697937012
      ],
      [
        5.406065464019775,
        5.337840557098389,
        5.7896881103515625,
        10.671076774597168,
        10.773676872253418,
        6.35955810546875,
        6.157957077026367,
        6.304349899291992,
        6.512816429138184,
        4.7402520179748535,
        5.5696916580200195,
        4.8984174728393555,
        5.880277633666992,
        0.0,
        6.57708740234375
      ],
      [
        5.793069362640381,
        5.759578227996826,
        6.188263416290283,
        10.629368782043457,
        10.7626953125,
        6.6714606285095215,
        6.539117813110352,
        6.631834030151367,
        6.813275337219238,
        5.249640464782715,
        5.98220682144165,
        5.363315105438232,
        6.577410697937012,
        6.57708740234375,
        0.0
      ]
    ]
  },
  "A4_subspace_distances": {
    "tasks": [
      "yelp",
      "amazon",
      "mnli",
      "cb",
      "copa",
      "qqp",
      "rte",
      "imdb",
      "sst2",
      "dbpedia",
      "agnews",
      "yahoo",
      "multirc",
      "boolq",
      "wic"
    ],
    "k": 8,
    "geodesic": [
      [
        0.0,
        4.33431339263916,
        4.422039031982422,
        4.397247314453125,
        4.411330699920654,
        4.416553497314453,
        4.416558265686035,
        4.392014026641846,
        4.406622886657715,
        4.434432506561279,
        4.4261956214904785,
        4.418904781341553,
        4.424576759338379,
        4.4119977951049805,
        4.421517848968506
      ],
      [
        4.33431339263916,
        0.0,
        4.411859512329102,
        4.384624481201172,
        4.410063743591309,
        4.405375957489014,
        4.415252685546875,
        4.404726505279541,
        4.385927677154541,
        4.433778285980225,
        4.42679500579834,
        4.420217990875244,
        4.427878379821777,
        4.414495468139648,
        4.4191999435424805
      ],
      [
        4.422039031982422,
        4.411859512329102,
        0.0,
        4.361788272857666,
        4.40255069732666,
        4.360953330993652,
        4.225947380065918,
        4.419342517852783,
        4.419836044311523,
        4.434441089630127,
        4.424464702606201,
        4.4262213706970215,
        4.4229559898376465,
        4.390767574310303,
        4.407349109649658
      ],
      [
        4.397247314453125,
        4.384624481201172,
        4.361788272857666,
        0.0,
        4.343358516693115,
        4.38341760635376,
        4.3522162437438965,
        4.374414443969727,
        4.394521713256836,
        4.421894550323486,
        4.402109146118164,
        4.399227142333984,
        4.388863563537598,
        4.3732099533081055,
        4.362417697906494
      ],
      [
        4.411330699920654,
        4.410063743591309,
        4.40255069732666,
        4.343358516693115,
        0.0,
        4.35615348815918,
        4.392144680023193,
        4.400847434997559,
        4.4110846519470215,
        4.4259352684021,
        4.40878438949585,
        4.413384914398193,
        4.41417932510376,
        4.3897809982299805,
        4.296143531799316
      ],
      [
        4.416553497314453,
        4.405375957489014,
        4.360953330993652,
        4.38341760635376,
        4.35615348815918,
        0.0,
        4.365177154541016,
        4.409427642822266,
        4.414446830749512,
        4.432979583740234,
        4.422053337097168,
        4.414295196533203,
        4.420630931854248,
        4.358216285705566,
        4.340606689453125
      ],
      [
        4.416558265686035,
        4.415252685546875,
        4.225947380065918,
        4.3522162437438965,
        4.392144680023193,
        4.365177154541016,
        0.0,
        4.4046311378479,
        4.412317752838135,
        4.425646781921387,
        4.388915538787842,
        4.390792369842529,
        4.416192054748535,
        4.3801422119140625,
        4.382072448730469
      ],
      [
        4.392014026641846,
        4.404726505279541,
        4.419342517852783,
        4.374414443969727,
        4.400847434997559,
        4.409427642822266,
        4.4046311378479,
        0.0,
        4.410129547119141,
        4.421663284301758,
        4.416251182556152,
        4.406181812286377,
        4.419267177581787,
        4.406719207763672,
        4.409276008605957
      ],
      [
        4.406622886657715,
        4.385927677154541,
        4.419836044311523,
        4.394521713256836,
        4.4110846519470215,
        4.414446830749512,
        4.412317752838135,
        4.410129547119141,
        0.0,
        4.433990001678467,
        4.420864582061768,
        4.425586223602295,
        4.427859783172607,
        4.414700031280518,
        4.407545566558838
      ],
      [
        4.434432506561279,
        4.433778285980225,
        4.434441089630127,
        4.421894550323486,
        4.4259352684021,
        4.432979583740234,
        4.425646781921387,
        4.421663284301758,
        4.433990001678467,
        0.0,
        4.4287872314453125,
        4.4290242195129395,
        4.434811115264893,
        4.4183573722839355,
        4.43203592300415
      ],
      [
        4.4261956214904785,
        4.42679500579834,
        4.424464702606201,
        4.402109146118164,
        4.40878438949585,
        4.422053337097168,
        4.388915538787842,
        4.416251182556152,
        4.420864582061768,
        4.4287872314453125,
        0.0,
        4.4208879470825195,
        4.428120136260986,
        4.420112133026123,
        4.418067455291748
      ],
      [
        4.418904781341553,
        4.420217990875244,
        4.4262213706970215,
        4.399227142333984,
        4.413384914398193,
        4.414295196533203,
        4.390792369842529,
        4.406181812286377,
        4.425586223602295,
        4.4290242195129395,
        4.4208879470825195,
        0.0,
        4.426470756530762,
        4.408946514129639,
        4.419749736785889
      ],
      [
        4.424576759338379,
        4.427878379821777,
        4.4229559898376465,
        4.388863563537598,
        4.41417932510376,
        4.420630931854248,
        4.416192054748535,
        4.419267177581787,
        4.427859783172607,
        4.434811115264893,
        4.428120136260986,
        4.426470756530762,
        0.0,
        4.406411170959473,
        4.423730850219727
      ],
      [
        4.4119977951049805,
        4.414495468139648,
        4.390767574310303,
        4.3732099533081055,
        4.3897809982299805,
        4.358216285705566,
        4.3801422119140625,
        4.406719207763672,
        4.414700031280518,
        4.4183573722839355,
        4.420112133026123,
        4.408946514129639,
        4.406411170959473,
        0.0,
        4.410942077636719
      ],
      [
        4.421517848968506,
        4.4191999435424805,
        4.407349109649658,
        4.362417697906494,
        4.296143531799316,
        4.340606689453125,
        4.382072448730469,
        4.409276008605957,
        4.407545566558838,
        4.43203592300415,
        4.418067455291748,
        4.419749736785889,
        4.423730850219727,
        4.410942077636719,
        0.0
      ]
    ],
    "chordal": [
      [
        0.0,
        2.824399471282959,
        2.8282930850982666,
        2.8279001712799072,
        2.828155040740967,
        2.8282628059387207,
        2.8282508850097656,
        2.8277370929718018,
        2.8279645442962646,
        2.828406810760498,
        2.8283567428588867,
        2.8282535076141357,
        2.8283472061157227,
        2.8281750679016113,
        2.828296661376953
      ],
      [
        2.824399471282959,
        0.0,
        2.8280749320983887,
        2.827160358428955,
        2.8281259536743164,
        2.828030824661255,
        2.8282220363616943,
        2.8279435634613037,
        2.827219009399414,
        2.8284049034118652,
        2.828352212905884,
        2.8282790184020996,
        2.8283677101135254,
        2.8282082080841064,
        2.8282673358917236
      ],
      [
        2.8282930850982666,
        2.8280749320983887,
        0.0,
        2.82665753364563,
        2.8279342651367188,
        2.826561450958252,
        2.8116343021392822,
        2.8282909393310547,
        2.828273057937622,
        2.828406810760498,
        2.8283321857452393,
        2.828359365463257,
        2.8283228874206543,
        2.8272228240966797,
        2.8280506134033203
      ],
      [
        2.8279001712799072,
        2.827160358428955,
        2.82665753364563,
        0.0,
        2.8253495693206787,
        2.8273019790649414,
        2.8261189460754395,
        2.8269906044006348,
        2.827876329421997,
        2.828314781188965,
        2.8280251026153564,
        2.8279459476470947,
        2.827617883682251,
        2.8270394802093506,
        2.826246976852417
      ],
      [
        2.828155040740967,
        2.8281259536743164,
        2.8279342651367188,
        2.8253495693206787,
        0.0,
        2.8263370990753174,
        2.827760696411133,
        2.827916383743286,
        2.8281500339508057,
        2.828352451324463,
        2.8281238079071045,
        2.8281807899475098,
        2.8281893730163574,
        2.8276474475860596,
        2.819788932800293
      ],
      [
        2.8282628059387207,
        2.828030824661255,
        2.826561450958252,
        2.8273019790649414,
        2.8263370990753174,
        0.0,
        2.826923131942749,
        2.828124523162842,
        2.828209638595581,
        2.8284003734588623,
        2.8283069133758545,
        2.828190565109253,
        2.8282997608184814,
        2.8256678581237793,
        2.8255131244659424
      ],
      [
        2.8282508850097656,
        2.8282220363616943,
        2.8116343021392822,
        2.8261189460754395,
        2.827760696411133,
        2.826923131942749,
        0.0,
        2.8280560970306396,
        2.828166961669922,
        2.828348159790039,
        2.8271801471710205,
        2.827502489089966,
        2.8282406330108643,
        2.8272602558135986,
        2.827338457107544
      ],
      [
        2.8277370929718018,
        2.8279435634613037,
        2.8282909393310547,
        2.8269906044006348,
        2.827916383743286,
        2.828124523162842,
        2.8280560970306396,
        0.0,
        2.8280937671661377,
        2.828211784362793,
        2.8282535076141357,
        2.8279428482055664,
        2.8282864093780518,
        2.828097105026245,
        2.828115701675415
      ],
      [
        2.8279645442962646,
        2.827219009399414,
        2.828273057937622,
        2.827876329421997,
        2.8281500339508057,
        2.828209638595581,
        2.828166961669922,
        2.8280937671661377,
        0.0,
        2.828404664993286,
        2.8282887935638428,
        2.828345775604248,
        2.8283658027648926,
        2.828219413757324,
        2.828059673309326
      ],
      [
        2.828406810760498,
        2.8284049034118652,
        2.828406810760498,
        2.828314781188965,
        2.828352451324463,
        2.8284003734588623,
        2.828348159790039,
        2.828211784362793,
        2.828404664993286,
        0.0,
        2.8283581733703613,
        2.828359842300415,
        2.828409194946289,
        2.828234910964966,
        2.8283958435058594
      ],
      [
        2.8283567428588867,
        2.828352212905884,
        2.8283321857452393,
        2.8280251026153564,
        2.8281238079071045,
        2.8283069133758545,
        2.8271801471710205,
        2.8282535076141357,
        2.8282887935638428,
        2.8283581733703613,
        0.0,
        2.8282878398895264,
        2.8283636569976807,
        2.8282737731933594,
        2.8282597064971924
      ],
      [
        2.8282535076141357,
        2.8282790184020996,
        2.828359365463257,
        2.8279459476470947,
        2.8281807899475098,
        2.828190565109253,
        2.827502489089966,
        2.8279428482055664,
        2.828345775604248,
        2.828359842300415,
        2.8282878398895264,
        0.0,
        2.8283588886260986,
        2.8280997276306152,
        2.828272581100464
      ],
      [
        2.8283472061157227,
        2.8283677101135254,
        2.8283228874206543,
        2.827617883682251,
        2.8281893730163574,
        2.8282997608184814,
        2.8282406330108643,
        2.8282864093780518,
        2.8283658027648926,
        2.828409194946289,
        2.8283636569976807,
        2.8283588886260986,
        0.0,
        2.828016757965088,
        2.8283298015594482
      ],
      [
