{
  "backbone": "Llama-2-7b-hf",
  "benchmark": "SuperNI",
  "d_model": 4096,
  "tasks_found": [
    "task1687_sentiment140_classification",
    "task363_sst2_polarity_classification",
    "task875_emotion_classification",
    "task073_commonsenseqa_answer_generation",
    "task591_sciq_answer_generation",
    "task002_quoref_answer_generation",
    "task1290_xsum_summarization",
    "task1572_samsum_summary",
    "task511_reddit_tifu_long_text_summarization",
    "task181_outcome_extraction",
    "task748_glucose_reverse_cause_event_detection",
    "task1510_evalution_relation_extraction",
    "task639_multi_woz_user_utterance_generation",
    "task1590_diplomacy_text_generation",
    "task1729_personachat_generate_next"
  ],
  "subspace_k": 8,
  "whitened": true,
  "A1_effective_dim": {
    "task1687_sentiment140_classification": {
      "evr_k95": 494,
      "participation_ratio": 451.1437072753906,
      "effective_rank": 522.3341064453125,
      "top5_eigvals": [
        11.494483947753906,
        11.36458683013916,
        11.164397239685059,
        11.141886711120605,
        11.078374862670898
      ],
      "d": 4096,
      "n": 1000
    },
    "task363_sst2_polarity_classification": {
      "evr_k95": 476,
      "participation_ratio": 454.2562255859375,
      "effective_rank": 517.7824096679688,
      "top5_eigvals": [
        11.541403770446777,
        11.382569313049316,
        11.139878273010254,
        11.106890678405762,
        11.025720596313477
      ],
      "d": 4096,
      "n": 1000
    },
    "task875_emotion_classification": {
      "evr_k95": 443,
      "participation_ratio": 402.41363525390625,
      "effective_rank": 468.05523681640625,
      "top5_eigvals": [
        11.607351303100586,
        11.461390495300293,
        11.358355522155762,
        11.27353572845459,
        11.208555221557617
      ],
      "d": 4096,
      "n": 1000
    },
    "task073_commonsenseqa_answer_generation": {
      "evr_k95": 670,
      "participation_ratio": 553.8456420898438,
      "effective_rank": 664.9374389648438,
      "top5_eigvals": [
        11.949084281921387,
        11.90231990814209,
        11.809565544128418,
        11.633841514587402,
        11.573758125305176
      ],
      "d": 4096,
      "n": 975
    },
    "task591_sciq_answer_generation": {
      "evr_k95": 678,
      "participation_ratio": 659.1502075195312,
      "effective_rank": 722.6026611328125,
      "top5_eigvals": [
        11.51524829864502,
        11.403411865234375,
        11.375179290771484,
        11.307446479797363,
        11.219888687133789
      ],
      "d": 4096,
      "n": 1000
    },
    "task002_quoref_answer_generation": {
      "evr_k95": 752,
      "participation_ratio": 768.1194458007812,
      "effective_rank": 806.520263671875,
      "top5_eigvals": [
        11.616061210632324,
        11.459525108337402,
        11.41526985168457,
        11.386919021606445,
        11.36454963684082
      ],
      "d": 4096,
      "n": 1000
    },
    "task1290_xsum_summarization": {
      "evr_k95": 741,
      "participation_ratio": 758.5036010742188,
      "effective_rank": 804.7615356445312,
      "top5_eigvals": [
        11.484679222106934,
        11.424344062805176,
        11.348390579223633,
        11.24919319152832,
        11.221467971801758
      ],
      "d": 4096,
      "n": 1000
    },
    "task1572_samsum_summary": {
      "evr_k95": 104,
      "participation_ratio": 98.9335708618164,
      "effective_rank": 110.10801696777344,
      "top5_eigvals": [
        63.16908645629883,
        58.84575653076172,
        55.79587173461914,
        55.2595100402832,
        53.35543441772461
      ],
      "d": 4096,
      "n": 160
    },
    "task511_reddit_tifu_long_text_summarization": {
      "evr_k95": 770,
      "participation_ratio": 761.0538940429688,
      "effective_rank": 821.1946411132812,
      "top5_eigvals": [
        11.271013259887695,
        11.08854866027832,
        11.072460174560547,
        11.010360717773438,
        10.85641860961914
      ],
      "d": 4096,
      "n": 1000
    },
    "task181_outcome_extraction": {
      "evr_k95": 224,
      "participation_ratio": 216.93971252441406,
      "effective_rank": 236.95816040039062,
      "top5_eigvals": [
        33.71548080444336,
        33.41920471191406,
        32.51182556152344,
        31.934396743774414,
        31.62540054321289
      ],
      "d": 4096,
      "n": 338
    },
    "task748_glucose_reverse_cause_event_detection": {
      "evr_k95": 736,
      "participation_ratio": 678.3287963867188,
      "effective_rank": 767.1475830078125,
      "top5_eigvals": [
        11.563480377197266,
        11.342270851135254,
        11.178281784057617,
        11.023755073547363,
        10.985344886779785
      ],
      "d": 4096,
      "n": 1000
    },
    "task1510_evalution_relation_extraction": {
      "evr_k95": 559,
      "participation_ratio": 396.2345886230469,
      "effective_rank": 516.2748413085938,
      "top5_eigvals": [
        11.500696182250977,
        11.402803421020508,
        11.204034805297852,
        11.16440486907959,
        11.077078819274902
      ],
      "d": 4096,
      "n": 1000
    },
    "task639_multi_woz_user_utterance_generation": {
      "evr_k95": 100,
      "participation_ratio": 94.48711395263672,
      "effective_rank": 104.07929992675781,
      "top5_eigvals": [
        72.30735778808594,
        66.13059997558594,
        65.1991195678711,
        62.05927276611328,
        60.58957290649414
      ],
      "d": 4096,
      "n": 142
    },
    "task1590_diplomacy_text_generation": {
      "evr_k95": 86,
      "participation_ratio": 87.05038452148438,
      "effective_rank": 94.97952270507812,
      "top5_eigvals": [
        88.35941314697266,
        79.9934310913086,
        78.73876190185547,
        74.21544647216797,
        71.4654312133789
      ],
      "d": 4096,
      "n": 126
    },
    "task1729_personachat_generate_next": {
      "evr_k95": 584,
      "participation_ratio": 527.4453735351562,
      "effective_rank": 610.7543334960938,
      "top5_eigvals": [
        11.526357650756836,
        11.36708927154541,
        11.200249671936035,
        10.941661834716797,
        10.91777229309082
      ],
      "d": 4096,
      "n": 1000
    }
  },
  "A2_gaussianity": {
    "task1687_sentiment140_classification": {
      "excess_kurtosis_top_pcs": [
        -0.6363539143940726,
        8.12385702923734,
        0.8660633803707625,
        33.35730534828824,
        16.190568786200224,
        6.996292168922908,
        11.211077358299667,
        23.658457600290742,
        5.123819670733935,
        5.571686650924091
      ],
      "mean_abs_kurtosis": 11.173548190766198
    },
    "task363_sst2_polarity_classification": {
      "excess_kurtosis_top_pcs": [
        -0.8500558973566972,
        2.979562479604053,
        8.53261434683589,
        7.87399439316019,
        12.88015173647568,
        3.967768264944037,
        5.090007795510136,
        13.984605250522854,
        5.3566076398924345,
        6.329612003839172
      ],
      "mean_abs_kurtosis": 6.7844979808141135
    },
    "task875_emotion_classification": {
      "excess_kurtosis_top_pcs": [
        4.26940596965545,
        1.1177892051332972,
        8.676890532944267,
        17.993820788340553,
        15.567798631603786,
        54.4995594494294,
        0.5211501392438684,
        24.90206425962763,
        73.00715441895281,
        7.170208828718414
      ],
      "mean_abs_kurtosis": 20.772584222364948
    },
    "task073_commonsenseqa_answer_generation": {
      "excess_kurtosis_top_pcs": [
        0.4690524863297556,
        3.700672904174457,
        -1.3620934690902815,
        5.169737736811079,
        1.1228770451905534,
        1.7725494171680243,
        3.885066842432508,
        34.67041344088713,
        1.4184790221163235,
        2.509799511298066
      ],
      "mean_abs_kurtosis": 5.608074187549818
    },
    "task591_sciq_answer_generation": {
      "excess_kurtosis_top_pcs": [
        0.3376173474388886,
        0.6023448587402083,
        0.21107076525439306,
        3.8438365323322845,
        1.6483993974969149,
        1.6821742990864124,
        2.4093318019936225,
        0.850981142545697,
        1.8110784118007546,
        0.4887073300490896
      ],
      "mean_abs_kurtosis": 1.3885541886738264
    },
    "task002_quoref_answer_generation": {
      "excess_kurtosis_top_pcs": [
        38.22960761224804,
        193.79372159129673,
        96.0851284585751,
        6.959634623500557,
        13.932311396299252,
        7.61978659594989,
        97.22429400694065,
        115.02740049810724,
        30.7935584101093,
        58.37387297122525
      ],
      "mean_abs_kurtosis": 65.80393161642522
    },
    "task1290_xsum_summarization": {
      "excess_kurtosis_top_pcs": [
        4.7000340411641295,
        2.6035196399208393,
        1.3350059148807363,
        2.76818894946041,
        2.8014585644058014,
        3.2997424080153372,
        1.158057028341303,
        2.8805609109762784,
        3.603052033155512,
        9.68170524612193
      ],
      "mean_abs_kurtosis": 3.4831324736442277
    },
    "task1572_samsum_summary": {
      "excess_kurtosis_top_pcs": [
        -0.28838004743863,
        4.7223585484837844,
        10.747786951363517,
        9.214157124872704,
        70.5379788424982,
        54.426810616574144,
        21.401125384471545,
        28.913287329143856,
        16.765281502066458,
        16.32350445469385
      ],
      "mean_abs_kurtosis": 23.334067080160672
    },
    "task511_reddit_tifu_long_text_summarization": {
      "excess_kurtosis_top_pcs": [
        3.6951028894789593,
        3.88054764628912,
        114.56383151725198,
        21.21255310174889,
        0.7821324221067001,
        2.149093629901084,
        4.499098298298042,
        294.6798909609827,
        5.4893126324362065,
        2.996861181095764
      ],
      "mean_abs_kurtosis": 45.39484242795895
    },
    "task181_outcome_extraction": {
      "excess_kurtosis_top_pcs": [
        -0.7111998338901704,
        -0.056596801653693074,
        3.7407157199569916,
        2.3260331083071497,
        87.18335527835869,
        1.567078333770934,
        11.649784521035556,
        2.641476621729897,
        2.3990666632010864,
        9.519996993829897
      ],
      "mean_abs_kurtosis": 12.179530387573404
    },
    "task748_glucose_reverse_cause_event_detection": {
      "excess_kurtosis_top_pcs": [
        -1.0251315811062507,
        11.096322532822654,
        -0.17354283440742435,
        2.609619854221301,
        9.284628905939137,
        2.9758766173024975,
        6.341967076689677,
        4.288969014024227,
        4.589493243129019,
        14.92888207480124
      ],
      "mean_abs_kurtosis": 5.731443373444343
    },
    "task1510_evalution_relation_extraction": {
      "excess_kurtosis_top_pcs": [
        -1.4715938829275692,
        0.53735892580085,
        2.5050549939125464,
        0.8497351973519041,
        -0.34588890825074303,
        2.9122094941357544,
        19.659470651298964,
        1.3146401757335902,
        1.471122898582001,
        11.324161091598597
      ],
      "mean_abs_kurtosis": 4.239123621959252
    },
    "task639_multi_woz_user_utterance_generation": {
      "excess_kurtosis_top_pcs": [
        -0.882521301073687,
        1.8744366119104532,
        2.1087981019024546,
        70.8978087390362,
        7.734346730965946,
        1.9997130961781346,
        22.03449060275313,
        6.157187644965957,
        2.699816254770848,
        15.102401187436609
      ],
      "mean_abs_kurtosis": 13.149152027099339
    },
    "task1590_diplomacy_text_generation": {
      "excess_kurtosis_top_pcs": [
        -0.6657362520602841,
        0.976071037289377,
        0.8374933648203955,
        38.36880668257962,
        16.710785827227294,
        5.310539891513553,
        28.617369899923908,
        8.803121970834635,
        12.810483863290958,
        18.837948235147987
      ],
      "mean_abs_kurtosis": 13.1938357024688
    },
    "task1729_personachat_generate_next": {
      "excess_kurtosis_top_pcs": [
        -0.016405773142986746,
        -0.3147922337085767,
        29.763300570336362,
        2.981315823385109,
        6.003667612372453,
        20.036696422115234,
        28.738697397925897,
        3.866248243739916,
        2.4071559698263805,
        3.4188669732894983
      ],
      "mean_abs_kurtosis": 9.754714701984241
    }
  },
  "A2b_multimodality": {
    "task1687_sentiment140_classification": {
      "bic_per_k": {
        "1": 155795.15638807917,
        "2": 154537.7486124807,
        "3": 135677.65692874914,
        "4": 122312.4413267621,
        "5": 117606.96920217082
      },
      "best_k": 5,
      "multi_modal": true,
      "n_pcs_used": 30
    },
    "task363_sst2_polarity_classification": {
      "bic_per_k": {
        "1": 156209.7720912781,
        "2": 154864.82921004208,
        "3": 123650.22436811736,
        "4": 115919.34354137491,
        "5": 113788.9011587649
      },
      "best_k": 5,
      "multi_modal": true,
      "n_pcs_used": 30
    },
    "task875_emotion_classification": {
      "bic_per_k": {
        "1": 155419.55270556157,
        "2": 143311.00563761045,
        "3": 139200.6689011058,
        "4": 136458.96177124596,
        "5": 134568.36789732927
      },
      "best_k": 5,
      "multi_modal": true,
      "n_pcs_used": 30
    },
    "task073_commonsenseqa_answer_generation": {
      "bic_per_k": {
        "1": 153018.3537070159,
        "2": 147941.89501136978,
        "3": 134464.62413984255,
        "4": 129515.97824576372,
        "5": 126963.54854878361
      },
      "best_k": 5,
      "multi_modal": true,
      "n_pcs_used": 30
    },
    "task591_sciq_answer_generation": {
      "bic_per_k": {
        "1": 157194.07476972084,
        "2": 151483.25234480668,
        "3": 149478.9828333995,
        "4": 148860.49886096528,
        "5": 148527.6260136546
      },
      "best_k": 5,
      "multi_modal": true,
      "n_pcs_used": 30
    },
    "task002_quoref_answer_generation": {
      "bic_per_k": {
        "1": 157970.85931236038,
        "2": 155540.4161149325,
        "3": 141494.62590370313,
        "4": 139402.71535203586,
        "5": 135338.67448677833
      },
      "best_k": 5,
      "multi_modal": true,
      "n_pcs_used": 30
    },
    "task1290_xsum_summarization": {
      "bic_per_k": {
        "1": 157595.47954952705,
        "2": 141818.84910215536,
        "3": 156545.9231565362,
        "4": 156189.82490861765,
        "5": 140489.65141670246
      },
      "best_k": 5,
      "multi_modal": true,
      "n_pcs_used": 30
    },
    "task1572_samsum_summary": {
      "bic_per_k": {
        "1": 32314.366157865203,
        "2": 32187.88077046211,
        "3": 31412.334555625577,
        "4": 31090.910758989317,
        "5": 30860.448075741897
      },
      "best_k": 5,
      "multi_modal": true,
      "n_pcs_used": 30
    },
    "task511_reddit_tifu_long_text_summarization": {
      "bic_per_k": {
        "1": 156197.5878810731,
        "2": 151067.9875682823,
        "3": 144398.8768189817,
        "4": 149315.17594464068,
        "5": 144171.75449933187
      },
      "best_k": 5,
      "multi_modal": true,
      "n_pcs_used": 30
    },
    "task181_outcome_extraction": {
      "bic_per_k": {
        "1": 63463.28345767623,
        "2": 59160.03731782908,
        "3": 58105.43056558757,
        "4": 57568.33985571481,
        "5": 57197.57795803159
      },
      "best_k": 5,
      "multi_modal": true,
      "n_pcs_used": 30
    },
    "task748_glucose_reverse_cause_event_detection": {
      "bic_per_k": {
        "1": 155149.52898364898,
        "2": 147878.53290478708,
        "3": 145338.69865354357,
        "4": 144305.77339655577,
        "5": 141833.31080176638
      },
      "best_k": 5,
      "multi_modal": true,
      "n_pcs_used": 30
    },
    "task1510_evalution_relation_extraction": {
      "bic_per_k": {
        "1": 154051.81300826842,
        "2": 148520.5199858311,
        "3": 139040.74801269532,
        "4": 133494.90774068268,
        "5": 132192.04927101074
      },
      "best_k": 5,
      "multi_modal": true,
      "n_pcs_used": 30
    },
    "task639_multi_woz_user_utterance_generation": {
      "bic_per_k": {
        "1": 29311.217541537364,
        "2": 29424.618362207355,
        "3": 28904.44429049113,
        "4": 28294.324433985512
      },
      "best_k": 4,
      "multi_modal": true,
      "n_pcs_used": 30
    },
    "task1590_diplomacy_text_generation": {
      "bic_per_k": {
        "1": 26750.28946939605,
        "2": 23475.49700437194,
        "3": 23317.745140074472
      },
      "best_k": 3,
      "multi_modal": true,
      "n_pcs_used": 30
    },
    "task1729_personachat_generate_next": {
      "bic_per_k": {
        "1": 155747.58363167418,
        "2": 133403.7193621138,
        "3": 126762.52904087736,
        "4": 127275.90777836605,
        "5": 127130.67351167514
      },
      "best_k": 3,
      "multi_modal": true,
      "n_pcs_used": 30
    }
  },
  "A3_centroid_distances": {
    "tasks": [
      "task1687_sentiment140_classification",
      "task363_sst2_polarity_classification",
      "task875_emotion_classification",
      "task073_commonsenseqa_answer_generation",
      "task591_sciq_answer_generation",
      "task002_quoref_answer_generation",
      "task1290_xsum_summarization",
      "task1572_samsum_summary",
      "task511_reddit_tifu_long_text_summarization",
      "task181_outcome_extraction",
      "task748_glucose_reverse_cause_event_detection",
      "task1510_evalution_relation_extraction",
      "task639_multi_woz_user_utterance_generation",
      "task1590_diplomacy_text_generation",
      "task1729_personachat_generate_next"
    ],
    "cosine_dist": [
      [
        0.0,
        1.0848619937896729,
        1.0896217823028564,
        1.0932252407073975,
        1.0957529544830322,
        1.0999141931533813,
        1.0947073698043823,
        1.0326634645462036,
        1.0900533199310303,
        1.0549477338790894,
        1.0966522693634033,
        1.0951374769210815,
        1.0320769548416138,
        1.0308516025543213,
        1.094541072845459
      ],
      [
        1.0848619937896729,
        0.0,
        1.087793231010437,
        1.0948455333709717,
        1.0956617593765259,
        1.0913461446762085,
        1.094428300857544,
        1.0365009307861328,
        1.0967552661895752,
        1.0529427528381348,
        1.0960025787353516,
        1.0938208103179932,
        1.0353723764419556,
        1.030975580215454,
        1.0972992181777954
      ],
      [
        1.0896217823028564,
        1.087793231010437,
        0.0,
        1.0919150114059448,
        1.0929932594299316,
        1.0985108613967896,
        1.096603512763977,
        1.041638731956482,
        1.0897741317749023,
        1.050495982170105,
        1.0936322212219238,
        1.0941009521484375,
        1.0314453840255737,
        1.0353387594223022,
        1.0950876474380493
      ],
      [
        1.0932252407073975,
        1.0948455333709717,
        1.0919150114059448,
        0.0,
        1.0876365900039673,
        1.0922598838806152,
        1.095033049583435,
        1.0405945777893066,
        1.0952980518341064,
        1.0522551536560059,
        1.0904284715652466,
        1.0917383432388306,
        1.0322786569595337,
        1.029646396636963,
        1.0937020778656006
      ],
      [
        1.0957529544830322,
        1.0956617593765259,
        1.0929932594299316,
        1.0876365900039673,
        0.0,
        1.0913554430007935,
        1.0954434871673584,
        1.0414007902145386,
        1.0969038009643555,
        1.0501614809036255,
        1.0937583446502686,
        1.093195915222168,
        1.0224826335906982,
        1.0337337255477905,
        1.0961297750473022
      ],
      [
        1.0999141931533813,
        1.0913461446762085,
        1.0985108613967896,
        1.0922598838806152,
        1.0913554430007935,
        0.0,
        1.0801806449890137,
        1.0370723009109497,
        1.092555046081543,
        1.0501880645751953,
        1.0891543626785278,
        1.0970243215560913,
        1.0364961624145508,
        1.032058835029602,
        1.0958400964736938
      ],
      [
        1.0947073698043823,
        1.094428300857544,
        1.096603512763977,
        1.095033049583435,
        1.0954434871673584,
        1.0801806449890137,
        0.0,
        1.0180209875106812,
        1.0876799821853638,
        1.0532262325286865,
        1.0959970951080322,
        1.0956535339355469,
        1.0374767780303955,
        1.0316020250320435,
        1.0940001010894775
      ],
      [
        1.0326634645462036,
        1.0365009307861328,
        1.041638731956482,
        1.0405945777893066,
        1.0414007902145386,
        1.0370723009109497,
        1.0180209875106812,
        0.0,
        1.0172882080078125,
        1.0185987949371338,
        1.039360523223877,
        1.0406241416931152,
        1.0149630308151245,
        0.9979515075683594,
        1.0084623098373413
      ],
      [
        1.0900533199310303,
        1.0967552661895752,
        1.0897741317749023,
        1.0952980518341064,
        1.0969038009643555,
        1.092555046081543,
        1.0876799821853638,
        1.0172882080078125,
        0.0,
        1.0576250553131104,
        1.0929368734359741,
        1.0968561172485352,
        1.033170461654663,
        1.0274523496627808,
        1.0877896547317505
      ],
      [
        1.0549477338790894,
        1.0529427528381348,
        1.050495982170105,
        1.0522551536560059,
        1.0501614809036255,
        1.0501880645751953,
        1.0532262325286865,
        1.0185987949371338,
        1.0576250553131104,
        0.0,
        1.0508413314819336,
        1.052302598953247,
        1.0176957845687866,
        1.0221246480941772,
        1.055536150932312
      ],
      [
        1.0966522693634033,
        1.0960025787353516,
        1.0936322212219238,
        1.0904284715652466,
        1.0937583446502686,
        1.0891543626785278,
        1.0959970951080322,
        1.039360523223877,
        1.0929368734359741,
        1.0508413314819336,
        0.0,
        1.0942214727401733,
        1.0391815900802612,
        1.0336723327636719,
        1.0892577171325684
      ],
      [
        1.0951374769210815,
        1.0938208103179932,
        1.0941009521484375,
        1.0917383432388306,
        1.093195915222168,
        1.0970243215560913,
        1.0956535339355469,
        1.0406241416931152,
        1.0968561172485352,
        1.052302598953247,
        1.0942214727401733,
        0.0,
        1.0342315435409546,
        1.0343453884124756,
        1.0956735610961914
      ],
      [
        1.0320769548416138,
        1.0353723764419556,
        1.0314453840255737,
        1.0322786569595337,
        1.0224826335906982,
        1.0364961624145508,
        1.0374767780303955,
        1.0149630308151245,
        1.033170461654663,
        1.0176957845687866,
        1.0391815900802612,
        1.0342315435409546,
        0.0,
        0.998851478099823,
        1.0215654373168945
      ],
      [
        1.0308516025543213,
        1.030975580215454,
        1.0353387594223022,
        1.029646396636963,
        1.0337337255477905,
        1.032058835029602,
        1.0316020250320435,
        0.9979515075683594,
        1.0274523496627808,
        1.0221246480941772,
        1.0336723327636719,
        1.0343453884124756,
        0.998851478099823,
        0.0,
        1.023091197013855
      ],
      [
        1.094541072845459,
        1.0972992181777954,
        1.0950876474380493,
        1.0937020778656006,
        1.0961297750473022,
        1.0958400964736938,
        1.0940001010894775,
        1.0084623098373413,
        1.0877896547317505,
        1.055536150932312,
        1.0892577171325684,
        1.0956735610961914,
        1.0215654373168945,
        1.023091197013855,
        0.0
      ]
    ],
    "l2_dist": [
      [
        0.0,
        4.7281270027160645,
        4.733700752258301,
        4.791159152984619,
        4.756967544555664,
        4.749669075012207,
        4.731020927429199,
        8.17184066772461,
        4.712723731994629,
        6.695695400238037,
        4.757061958312988,
        4.786394119262695,
        9.071067810058594,
        9.672281265258789,
        4.727338790893555
      ],
      [
        4.7281270027160645,
        0.0,
        4.729159355163574,
        4.794143199920654,
        4.756200790405273,
        4.730564117431641,
        4.729847431182861,
        8.182677268981934,
        4.726615905761719,
        6.689807415008545,
        4.755083084106445,
        4.7829508781433105,
        9.080540657043457,
        9.672374725341797,
        4.7327189445495605
      ],
      [
        4.733700752258301,
        4.729159355163574,
        0.0,
        4.782968521118164,
        4.745614528656006,
        4.741250038146973,
        4.729726314544678,
        8.194814682006836,
        4.706738471984863,
        6.679717063903809,
        4.745144844055176,
        4.77879524230957,
        9.06641674041748,
        9.68307113647461,
        4.7231292724609375
      ],
      [
        4.791159152984619,
        4.794143199920654,
        4.782968521118164,
        0.0,
        4.783444404602051,
        4.777458667755127,
        4.776181221008301,
        8.220633506774902,
        4.768571853637695,
        6.719812870025635,
        4.787740230560303,
        4.822935104370117,
        9.094722747802734,
        9.690288543701172,
        4.76998233795166
      ],
      [
        4.756967544555664,
        4.756200790405273,
        4.745614528656006,
        4.783444404602051,
        0.0,
        4.735751628875732,
        4.7372236251831055,
        8.199902534484863,
        4.732130527496338,
        6.685847759246826,
        4.755372047424316,
        4.786713600158691,
        9.044898986816406,
        9.68316650390625,
        4.735384464263916
      ],
      [
        4.749669075012207,
        4.730564117431641,
        4.741250038146973,
        4.777458667755127,
        4.735751628875732,
        0.0,
        4.687877178192139,
        8.17794418334961,
        4.706395149230957,
        6.674408912658691,
        4.729118347167969,
        4.778885364532471,
        9.078058242797852,
        9.670187950134277,
        4.71840238571167
      ],
      [
        4.731020927429199,
        4.729847431182861,
        4.729726314544678,
        4.776181221008301,
        4.7372236251831055,
        4.687877178192139,
        0.0,
        8.118507385253906,
        4.688478946685791,
        6.677456378936768,
        4.7365570068359375,
        4.768548965454102,
        9.077082633972168,
        9.665224075317383,
        4.707020282745361
      ],
      [
        8.17184066772461,
        8.182677268981934,
        8.194814682006836,
        8.220633506774902,
        8.199902534484863,
        8.17794418334961,
        8.118507385253906,
        0.0,
        8.111815452575684,
        9.434295654296875,
        8.192896842956543,
        8.215507507324219,
        11.270771980285645,
        11.666387557983398,
        8.088866233825684
      ],
      [
        4.712723731994629,
        4.726615905761719,
        4.706738471984863,
        4.768571853637695,
        4.732130527496338,
        4.706395149230957,
        4.688478946685791,
        8.111815452575684,
        0.0,
        6.683535575866699,
        4.721702575683594,
        4.762958526611328,
        9.060141563415527,
        9.648902893066406,
        4.685386657714844
      ],
      [
        6.695695400238037,
        6.689807415008545,
        6.679717063903809,
        6.719812870025635,
        6.685847759246826,
        6.674408912658691,
        6.677456378936768,
        9.434295654296875,
        6.683535575866699,
        0.0,
        6.686398506164551,
        6.713571548461914,
        10.220508575439453,
        10.782011032104492,
        6.6813740730285645
      ],
      [
        4.757061958312988,
        4.755083084106445,
        4.745144844055176,
        4.787740230560303,
        4.755372047424316,
        4.729118347167969,
        4.7365570068359375,
        8.192896842956543,
        4.721702575683594,
        6.686398506164551,
        0.0,
        4.787113666534424,
        9.093558311462402,
        9.682071685791016,
        4.718658924102783
      ],
      [
        4.786394119262695,
        4.7829508781433105,
        4.77879524230957,
        4.822935104370117,
        4.786713600158691,
        4.778885364532471,
        4.768548965454102,
        8.215507507324219,
        4.762958526611328,
        6.713571548461914,
        4.787113666534424,
        0.0,
        9.095916748046875,
        9.700161933898926,
        4.76528787612915
      ],
      [
        9.071067810058594,
        9.080540657043457,
        9.06641674041748,
        9.094722747802734,
        9.044898986816406,
        9.078058242797852,
        9.077082633972168,
        11.270771980285645,
        9.060141563415527,
        10.220508575439453,
        9.093558311462402,
        9.095916748046875,
        0.0,
        12.310081481933594,
        9.028495788574219
      ],
      [
        9.672281265258789,
        9.672374725341797,
        9.68307113647461,
        9.690288543701172,
        9.68316650390625,
        9.670187950134277,
        9.665224075317383,
        11.666387557983398,
        9.648902893066406,
        10.782011032104492,
        9.682071685791016,
        9.700161933898926,
        12.310081481933594,
        0.0,
        9.638298034667969
      ],
      [
        4.727338790893555,
        4.7327189445495605,
        4.7231292724609375,
        4.76998233795166,
        4.735384464263916,
        4.71840238571167,
        4.707020282745361,
        8.088866233825684,
        4.685386657714844,
        6.6813740730285645,
        4.718658924102783,
        4.76528787612915,
        9.028495788574219,
        9.638298034667969,
        0.0
      ]
    ]
  },
  "A4_subspace_distances": {
    "tasks": [
      "task1687_sentiment140_classification",
      "task363_sst2_polarity_classification",
      "task875_emotion_classification",
      "task073_commonsenseqa_answer_generation",
      "task591_sciq_answer_generation",
      "task002_quoref_answer_generation",
      "task1290_xsum_summarization",
      "task1572_samsum_summary",
      "task511_reddit_tifu_long_text_summarization",
      "task181_outcome_extraction",
      "task748_glucose_reverse_cause_event_detection",
      "task1510_evalution_relation_extraction",
      "task639_multi_woz_user_utterance_generation",
      "task1590_diplomacy_text_generation",
      "task1729_personachat_generate_next"
    ],
    "k": 8,
    "geodesic": [
      [
        0.0,
        4.422557353973389,
        4.434529781341553,
        4.434871673583984,
        4.437815189361572,
        4.436919212341309,
        4.437544345855713,
        4.42374849319458,
        4.4337358474731445,
        4.433065414428711,
        4.435614585876465,
        4.4336442947387695,
        4.422343730926514,
        4.426336765289307,
        4.4346394538879395
      ],
      [
        4.422557353973389,
        0.0,
        4.430665016174316,
        4.435898303985596,
        4.436828136444092,
        4.438309669494629,
        4.436233043670654,
        4.423722267150879,
        4.434657096862793,
        4.431270122528076,
        4.434123516082764,
        4.433942794799805,
        4.423504829406738,
        4.42629337310791,
        4.4343695640563965
      ],
      [
        4.434529781341553,
        4.430665016174316,
        0.0,
        4.435689926147461,
        4.4370222091674805,
        4.437856674194336,
        4.4369988441467285,
        4.42641019821167,
        4.43565034866333,
        4.431325912475586,
        4.436700344085693,
        4.434905052185059,
        4.425328731536865,
        4.425714015960693,
        4.436459541320801
      ],
      [
        4.434871673583984,
        4.435898303985596,
        4.435689926147461,
        0.0,
        4.437071800231934,
        4.438218593597412,
        4.438267707824707,
        4.4293999671936035,
        4.435415744781494,
        4.4364542961120605,
        4.434689998626709,
        4.434619426727295,
        4.427976608276367,
        4.430231094360352,
        4.437166690826416
      ],
      [
        4.437815189361572,
        4.436828136444092,
        4.4370222091674805,
        4.437071800231934,
        0.0,
        4.4384965896606445,
        4.437880039215088,
        4.426724433898926,
        4.435887336730957,
        4.434342384338379,
        4.436034679412842,
        4.434749603271484,
        4.425355911254883,
        4.429591655731201,
        4.437283039093018
      ],
      [
        4.436919212341309,
        4.438309669494629,
        4.437856674194336,
        4.438218593597412,
        4.4384965896606445,
        0.0,
        4.437599182128906,
        4.4300713539123535,
        4.436761856079102,
        4.436054706573486,
        4.4363484382629395,
        4.437394142150879,
        4.432584762573242,
        4.432419776916504,
        4.437155246734619
      ],
      [
        4.437544345855713,
        4.436233043670654,
        4.4369988441467285,
        4.438267707824707,
        4.437880039215088,
        4.437599182128906,
        0.0,
        4.425991535186768,
        4.434572696685791,
        4.435208797454834,
        4.436878204345703,
        4.437188148498535,
        4.428959369659424,
        4.428128719329834,
        4.435730457305908
      ],
      [
        4.42374849319458,
        4.423722267150879,
        4.42641019821167,
        4.4293999671936035,
        4.426724433898926,
        4.4300713539123535,
        4.425991535186768,
        0.0,
        4.425143718719482,
        4.421060562133789,
        4.424667835235596,
        4.423752307891846,
        4.3956732749938965,
        4.401928424835205,
        4.411208629608154
      ],
      [
        4.4337358474731445,
        4.434657096862793,
        4.43565034866333,
        4.435415744781494,
        4.435887336730957,
        4.436761856079102,
        4.434572696685791,
        4.425143718719482,
        0.0,
        4.4332122802734375,
        4.429996013641357,
        4.434511661529541,
        4.423411846160889,
        4.425962448120117,
        4.432311058044434
      ],
      [
        4.433065414428711,
        4.431270122528076,
        4.431325912475586,
        4.4364542961120605,
        4.434342384338379,
        4.436054706573486,
        4.435208797454834,
        4.421060562133789,
        4.4332122802734375,
        0.0,
        4.4312357902526855,
        4.4331793785095215,
        4.421924114227295,
        4.423485279083252,
        4.432153224945068
      ],
      [
        4.435614585876465,
        4.434123516082764,
        4.436700344085693,
        4.434689998626709,
        4.436034679412842,
        4.4363484382629395,
        4.436878204345703,
        4.424667835235596,
        4.429996013641357,
        4.4312357902526855,
        0.0,
        4.4318928718566895,
        4.4235429763793945,
        4.425385475158691,
        4.431643009185791
      ],
      [
        4.4336442947387695,
        4.433942794799805,
        4.434905052185059,
        4.434619426727295,
        4.434749603271484,
        4.437394142150879,
        4.437188148498535,
        4.423752307891846,
        4.434511661529541,
        4.4331793785095215,
        4.4318928718566895,
        0.0,
        4.42124605178833,
        4.428858280181885,
        4.433500289916992
      ],
      [
        4.422343730926514,
        4.423504829406738,
        4.425328731536865,
        4.427976608276367,
        4.425355911254883,
        4.432584762573242,
        4.428959369659424,
        4.3956732749938965,
        4.423411846160889,
        4.421924114227295,
        4.4235429763793945,
        4.42124605178833,
        0.0,
        4.4011549949646,
        4.418123245239258
      ],
      [
        4.426336765289307,
        4.42629337310791,
        4.425714015960693,
        4.430231094360352,
        4.429591655731201,
        4.432419776916504,
        4.428128719329834,
        4.401928424835205,
        4.425962448120117,
        4.423485279083252,
        4.425385475158691,
        4.428858280181885,
        4.4011549949646,
        0.0,
        4.421287536621094
      ],
      [
        4.4346394538879395,
        4.4343695640563965,
        4.436459541320801,
        4.437166690826416,
        4.437283039093018,
        4.437155246734619,
        4.435730457305908,
        4.411208629608154,
        4.432311058044434,
        4.432153224945068,
        4.431643009185791,
        4.433500289916992,
        4.418123245239258,
        4.421287536621094,
        0.0
      ]
    ],
    "chordal": [
      [
        0.0,
        2.828317403793335,
        2.8284082412719727,
        2.8284084796905518,
        2.8284199237823486,
        2.828418493270874,
        2.8284196853637695,
        2.828326463699341,
        2.8284051418304443,
        2.8284027576446533,
        2.8284120559692383,
        2.828404664993286,
        2.828317403793335,
        2.828356981277466,
        2.8284099102020264
      ],
      [
        2.828317403793335,
        0.0,
        2.8283822536468506,
        2.828413724899292,
        2.828416585922241,
        2.8284213542938232,
        2.8284151554107666,
        2.828335762023926,
        2.8284108638763428,
        2.8283917903900146,
        2.828402519226074,
        2.8284053802490234,
        2.828341484069824,
        2.828352451324463,
        2.8284082412719727
      ],
      [
        2.8284082412719727,
        2.8283822536468506,
        0.0,
        2.82841157913208,
        2.828418016433716,
        2.8284201622009277,
        2.828418016433716,
        2.828356981277466,
        2.828413486480713,
        2.8283896446228027,
        2.828415632247925,
        2.8284072875976562,
        2.8283441066741943,
        2.828352212905884,
        2.828415870666504
      ],
      [
        2.8284084796905518,
        2.828413724899292,
        2.82841157913208,
        0.0,
        2.8284177780151367,
        2.8284215927124023,
        2.828420639038086,
        2.8283793926239014,
        2.828409433364868,
        2.8284153938293457,
        2.82840895652771,
        2.8284080028533936,
        2.8283660411834717,
        2.8283848762512207,
        2.8284170627593994
      ],
      [
        2.8284199237823486,
        2.828416585922241,
        2.828418016433716,
        2.8284177780151367,
        0.0,
        2.8284223079681396,
        2.828420877456665,
        2.8283538818359375,
        2.8284130096435547,
        2.8284080028533936,
        2.828413486480713,
        2.828411102294922,
        2.828341484069824,
        2.8283843994140625,
        2.8284192085266113
      ],
      [
        2.828418493270874,
        2.8284213542938232,
        2.8284201622009277,
        2.8284215927124023,
        2.8284223079681396,
        0.0,
        2.8284194469451904,
        2.8283870220184326,
        2.8284175395965576,
        2.8284151554107666,
        2.828415632247925,
        2.8284196853637695,
        2.8283987045288086,
        2.8283956050872803,
        2.8284189701080322
      ],
      [
        2.8284196853637695,
        2.8284151554107666,
        2.828418016433716,
        2.828420639038086,
        2.828420877456665,
        2.8284194469451904,
        0.0,
        2.8283543586730957,
        2.828409433364868,
        2.82841157913208,
