{
  "backbone": "flan-t5-xl",
  "benchmark": "SuperNI",
  "d_model": 2048,
  "tasks_found": [
    "task1687_sentiment140_classification",
    "task363_sst2_polarity_classification",
    "task875_emotion_classification",
    "task073_commonsenseqa_answer_generation",
    "task591_sciq_answer_generation",
    "task002_quoref_answer_generation",
    "task1290_xsum_summarization",
    "task1572_samsum_summary",
    "task511_reddit_tifu_long_text_summarization",
    "task181_outcome_extraction",
    "task748_glucose_reverse_cause_event_detection",
    "task1510_evalution_relation_extraction",
    "task639_multi_woz_user_utterance_generation",
    "task1590_diplomacy_text_generation",
    "task1729_personachat_generate_next"
  ],
  "subspace_k": 8,
  "whitened": true,
  "A1_effective_dim": {
    "task1687_sentiment140_classification": {
      "evr_k95": 670,
      "participation_ratio": 461.3378601074219,
      "effective_rank": 612.6472778320312,
      "top5_eigvals": [
        11.214264869689941,
        10.880691528320312,
        10.52531623840332,
        10.163905143737793,
        9.985268592834473
      ],
      "d": 2048,
      "n": 1000
    },
    "task363_sst2_polarity_classification": {
      "evr_k95": 633,
      "participation_ratio": 377.3435974121094,
      "effective_rank": 543.6107788085938,
      "top5_eigvals": [
        11.46716022491455,
        11.061942100524902,
        10.620613098144531,
        10.31755542755127,
        10.172430038452148
      ],
      "d": 2048,
      "n": 1000
    },
    "task875_emotion_classification": {
      "evr_k95": 642,
      "participation_ratio": 406.8189697265625,
      "effective_rank": 566.5440673828125,
      "top5_eigvals": [
        11.257606506347656,
        10.858283042907715,
        10.6912841796875,
        10.038542747497559,
        9.7925386428833
      ],
      "d": 2048,
      "n": 1000
    },
    "task073_commonsenseqa_answer_generation": {
      "evr_k95": 686,
      "participation_ratio": 507.0247497558594,
      "effective_rank": 646.1915893554688,
      "top5_eigvals": [
        11.427054405212402,
        10.846308708190918,
        10.724430084228516,
        10.363617897033691,
        10.048354148864746
      ],
      "d": 2048,
      "n": 975
    },
    "task591_sciq_answer_generation": {
      "evr_k95": 727,
      "participation_ratio": 620.1384887695312,
      "effective_rank": 731.1609497070312,
      "top5_eigvals": [
        11.653653144836426,
        11.617241859436035,
        11.599465370178223,
        11.56390380859375,
        11.539382934570312
      ],
      "d": 2048,
      "n": 1000
    },
    "task002_quoref_answer_generation": {
      "evr_k95": 643,
      "participation_ratio": 502.58978271484375,
      "effective_rank": 619.8489379882812,
      "top5_eigvals": [
        11.654484748840332,
        11.549617767333984,
        11.302430152893066,
        11.248703956604004,
        11.062385559082031
      ],
      "d": 2048,
      "n": 1000
    },
    "task1290_xsum_summarization": {
      "evr_k95": 739,
      "participation_ratio": 608.0903930664062,
      "effective_rank": 729.221923828125,
      "top5_eigvals": [
        11.684996604919434,
        11.626932144165039,
        11.52921199798584,
        11.486542701721191,
        11.459482192993164
      ],
      "d": 2048,
      "n": 1000
    },
    "task1572_samsum_summary": {
      "evr_k95": 141,
      "participation_ratio": 121.94938659667969,
      "effective_rank": 139.60348510742188,
      "top5_eigvals": [
        66.91362762451172,
        54.53118896484375,
        51.126129150390625,
        48.82234573364258,
        45.632225036621094
      ],
      "d": 2048,
      "n": 160
    },
    "task511_reddit_tifu_long_text_summarization": {
      "evr_k95": 710,
      "participation_ratio": 520.3909912109375,
      "effective_rank": 666.23291015625,
      "top5_eigvals": [
        11.195236206054688,
        10.841593742370605,
        10.384242057800293,
        10.215519905090332,
        10.039260864257812
      ],
      "d": 2048,
      "n": 1000
    },
    "task181_outcome_extraction": {
      "evr_k95": 233,
      "participation_ratio": 95.1620101928711,
      "effective_rank": 165.70680236816406,
      "top5_eigvals": [
        31.025875091552734,
        27.57904052734375,
        25.64978790283203,
        25.053293228149414,
        22.257062911987305
      ],
      "d": 2048,
      "n": 338
    },
    "task748_glucose_reverse_cause_event_detection": {
      "evr_k95": 651,
      "participation_ratio": 427.1455993652344,
      "effective_rank": 582.596923828125,
      "top5_eigvals": [
        11.015862464904785,
        10.314087867736816,
        10.071084976196289,
        9.830841064453125,
        9.702911376953125
      ],
      "d": 2048,
      "n": 1000
    },
    "task1510_evalution_relation_extraction": {
      "evr_k95": 348,
      "participation_ratio": 82.47711181640625,
      "effective_rank": 180.57763671875,
      "top5_eigvals": [
        11.131717681884766,
        10.910150527954102,
        10.426400184631348,
        10.34815502166748,
        9.91202449798584
      ],
      "d": 2048,
      "n": 1000
    },
    "task639_multi_woz_user_utterance_generation": {
      "evr_k95": 110,
      "participation_ratio": 72.83055114746094,
      "effective_rank": 97.3169174194336,
      "top5_eigvals": [
        76.17427825927734,
        71.74286651611328,
        66.95154571533203,
        62.82510757446289,
        59.08423614501953
      ],
      "d": 2048,
      "n": 142
    },
    "task1590_diplomacy_text_generation": {
      "evr_k95": 108,
      "participation_ratio": 80.45197296142578,
      "effective_rank": 100.8035888671875,
      "top5_eigvals": [
        74.7227783203125,
        53.943668365478516,
        48.90679168701172,
        44.923919677734375,
        41.12826156616211
      ],
      "d": 2048,
      "n": 126
    },
    "task1729_personachat_generate_next": {
      "evr_k95": 655,
      "participation_ratio": 412.0563659667969,
      "effective_rank": 574.0352172851562,
      "top5_eigvals": [
        11.524163246154785,
        10.803691864013672,
        10.339245796203613,
        10.157668113708496,
        9.891430854797363
      ],
      "d": 2048,
      "n": 1000
    }
  },
  "A2_gaussianity": {
    "task1687_sentiment140_classification": {
      "excess_kurtosis_top_pcs": [
        -1.199244170453088,
        -0.4079972875493234,
        -0.5803218449664613,
        28.81221733129866,
        0.37335633409938396,
        5.501723816834799,
        7.250404350461013,
        17.262053394495993,
        35.4869147361107,
        0.9909620476684644
      ],
      "mean_abs_kurtosis": 9.786519531393788
    },
    "task363_sst2_polarity_classification": {
      "excess_kurtosis_top_pcs": [
        -1.489001596355467,
        -0.18764435873715835,
        -0.4522627684651046,
        -0.23833388227810515,
        0.0375562360089412,
        -0.16586330157968554,
        0.05676828732286632,
        -0.0789485755321011,
        0.1418142189253433,
        0.13525798855534843
      ],
      "mean_abs_kurtosis": 0.2983451213760121
    },
    "task875_emotion_classification": {
      "excess_kurtosis_top_pcs": [
        -0.5116735024661248,
        -0.7941378904268928,
        -0.8053329664648188,
        -0.08165087898866963,
        -0.3137369315522047,
        -0.16536732697575296,
        -0.00021003952573517282,
        0.4791287575696117,
        0.15618217487893915,
        0.14556176669051935
      ],
      "mean_abs_kurtosis": 0.3452982235539269
    },
    "task073_commonsenseqa_answer_generation": {
      "excess_kurtosis_top_pcs": [
        -1.340862996975223,
        0.0755507645516742,
        -0.5604835190331703,
        0.26979610615444427,
        -0.0002359193018479644,
        -0.07794034557220275,
        -0.0647159734872842,
        -0.01160536130665113,
        -0.4546489631830606,
        0.18986973984983146
      ],
      "mean_abs_kurtosis": 0.30457096894153896
    },
    "task591_sciq_answer_generation": {
      "excess_kurtosis_top_pcs": [
        -0.921199263969068,
        -0.07695408479893162,
        -0.4707202598438407,
        0.12092512006183975,
        0.4495001253906552,
        0.1183955810969195,
        0.7212460227053294,
        0.05398575423237961,
        0.1219737303891053,
        0.049380422637456345
      ],
      "mean_abs_kurtosis": 0.3104280365125526
    },
    "task002_quoref_answer_generation": {
      "excess_kurtosis_top_pcs": [
        -1.3285263580579083,
        0.3694193585155916,
        -0.05782902038079518,
        -0.20806547417583277,
        0.6523125257312126,
        0.7827282669043814,
        0.05174820164702476,
        1.703253352990492,
        0.34765140335477485,
        0.12233168273047879
      ],
      "mean_abs_kurtosis": 0.5623865644488493
    },
    "task1290_xsum_summarization": {
      "excess_kurtosis_top_pcs": [
        1.7255883015317934,
        1.6375797374749617,
        1.4617556248476236,
        3.1746437727854078,
        3.278129786131313,
        6.860486555684968,
        2.900731982637743,
        -0.2505795024788475,
        0.37760196485481945,
        -0.11862808312608131
      ],
      "mean_abs_kurtosis": 2.1785725311553557
    },
    "task1572_samsum_summary": {
      "excess_kurtosis_top_pcs": [
        -0.84531462260431,
        -0.6248972827399966,
        -0.34301480955931174,
        0.24559730940059055,
        -0.2783998477026075,
        0.5354555321502579,
        -0.31817716098162263,
        -0.39790500972571374,
        -0.19939643176027255,
        -0.12893247977187938
      ],
      "mean_abs_kurtosis": 0.3917090486396563
    },
    "task511_reddit_tifu_long_text_summarization": {
      "excess_kurtosis_top_pcs": [
        0.30983414354605987,
        -0.43803130149660996,
        -0.06786882821503104,
        0.012199280048530436,
        -0.06119223282998787,
        -0.022103109531960374,
        0.052778037746929574,
        0.5860574414700497,
        0.2882444055584772,
        -0.018195921208286503
      ],
      "mean_abs_kurtosis": 0.18565047016519226
    },
    "task181_outcome_extraction": {
      "excess_kurtosis_top_pcs": [
        0.06234176274834358,
        0.14465265328461063,
        -0.1210233102482241,
        -0.5923240844594604,
        0.34773926676429356,
        -0.37596052683172276,
        0.3255268917076144,
        0.4163535821483091,
        0.12583508135547383,
        0.15042315589826716
      ],
      "mean_abs_kurtosis": 0.266218031544632
    },
    "task748_glucose_reverse_cause_event_detection": {
      "excess_kurtosis_top_pcs": [
        -0.8323601621218057,
        -0.36362087660144526,
        -0.38460276067125365,
        -0.29403332877142185,
        -0.33928970524296664,
        -0.2510322402077083,
        0.014862616772535642,
        0.23948463788892438,
        -0.14667617431768454,
        -0.15363894368965347
      ],
      "mean_abs_kurtosis": 0.30196014462853993
    },
    "task1510_evalution_relation_extraction": {
      "excess_kurtosis_top_pcs": [
        -1.4515752532967365,
        -0.8545860362186155,
        -1.345388816473241,
        -0.20043792060607846,
        -0.9054959684285322,
        -0.6056643771116645,
        5.835260779608175,
        0.861926648625186,
        -0.12601350350877905,
        -0.15783291352083495
      ],
      "mean_abs_kurtosis": 1.2344182217397843
    },
    "task639_multi_woz_user_utterance_generation": {
      "excess_kurtosis_top_pcs": [
        -0.6150654389203623,
        -0.10676979993214575,
        -0.5081432585041719,
        -0.4835664094942418,
        0.5410897911747057,
        -0.3229998409824244,
        0.0657504441288248,
        -0.39187640739792196,
        -0.7365611472182314,
        -0.08095421357414212
      ],
      "mean_abs_kurtosis": 0.3852776751327172
    },
    "task1590_diplomacy_text_generation": {
      "excess_kurtosis_top_pcs": [
        -0.44189005094459066,
        -0.36955308216503235,
        0.7578860878537048,
        1.7963447081741641,
        0.8458883406509212,
        1.2346131485841854,
        3.561268897224325,
        -0.4937733670473472,
        -0.2851837525118963,
        2.0609868600897148
      ],
      "mean_abs_kurtosis": 1.1847388295245882
    },
    "task1729_personachat_generate_next": {
      "excess_kurtosis_top_pcs": [
        -0.6976794699799274,
        -0.800757974219489,
        -0.11556963967869649,
        -0.19934953364419838,
        -0.10997562150582407,
        -0.10347904334229607,
        -0.19632174282589698,
        0.10323232794867243,
        0.17820911068216905,
        0.027068642516646424
      ],
      "mean_abs_kurtosis": 0.2531643106343816
    }
  },
  "A2b_multimodality": {
    "task1687_sentiment140_classification": {
      "bic_per_k": {
        "1": 149482.07817385043,
        "2": 146714.2365257951,
        "3": 146444.83009135642,
        "4": 146214.7624483249,
        "5": 146199.2733682139
      },
      "best_k": 5,
      "multi_modal": true,
      "n_pcs_used": 30
    },
    "task363_sst2_polarity_classification": {
      "bic_per_k": {
        "1": 147897.1110940936,
        "2": 147567.2977529551,
        "3": 147138.4392461988,
        "4": 147282.6304339253,
        "5": 146896.82039572595
      },
      "best_k": 5,
      "multi_modal": true,
      "n_pcs_used": 30
    },
    "task875_emotion_classification": {
      "bic_per_k": {
        "1": 148467.15722592748,
        "2": 148538.74437804183,
        "3": 148568.8759862098,
        "4": 148525.78225302373,
        "5": 148501.86642247174
      },
      "best_k": 1,
      "multi_modal": false,
      "n_pcs_used": 30
    },
    "task073_commonsenseqa_answer_generation": {
      "bic_per_k": {
        "1": 146984.89790986915,
        "2": 146342.6544669086,
        "3": 146288.25351204583,
        "4": 146151.60917454315,
        "5": 146150.98906303348
      },
      "best_k": 5,
      "multi_modal": true,
      "n_pcs_used": 30
    },
    "task591_sciq_answer_generation": {
      "bic_per_k": {
        "1": 157958.41012004338,
        "2": 157534.09587667295,
        "3": 157259.97377879455,
        "4": 156762.591963217,
        "5": 157094.04137887087
      },
      "best_k": 4,
      "multi_modal": true,
      "n_pcs_used": 30
    },
    "task002_quoref_answer_generation": {
      "bic_per_k": {
        "1": 155193.10967314252,
        "2": 154093.61950944614,
        "3": 152030.36937066045,
        "4": 151544.91263562735,
        "5": 151681.3054794534
      },
      "best_k": 4,
      "multi_modal": true,
      "n_pcs_used": 30
    },
    "task1290_xsum_summarization": {
      "bic_per_k": {
        "1": 157094.96058264212,
        "2": 154261.22922816093,
        "3": 154063.6525728501,
        "4": 153012.1410790067,
        "5": 152810.7359466184
      },
      "best_k": 5,
      "multi_modal": true,
      "n_pcs_used": 30
    },
    "task1572_samsum_summary": {
      "bic_per_k": {
        "1": 30839.125611597527,
        "2": 30946.87126450933,
        "3": 31208.793327574644,
        "4": 31352.106635646058,
        "5": 31615.279244314235
      },
      "best_k": 1,
      "multi_modal": false,
      "n_pcs_used": 30
    },
    "task511_reddit_tifu_long_text_summarization": {
      "bic_per_k": {
        "1": 151152.79782159792,
        "2": 151301.49473444215,
        "3": 151363.42157421244,
        "4": 151506.80102515194,
        "5": 151524.3437920739
      },
      "best_k": 1,
      "multi_modal": false,
      "n_pcs_used": 30
    },
    "task181_outcome_extraction": {
      "bic_per_k": {
        "1": 54400.59698141742,
        "2": 54300.303634208125,
        "3": 54392.05156944067,
        "4": 54514.25010078004,
        "5": 54699.074153779045
      },
      "best_k": 2,
      "multi_modal": true,
      "n_pcs_used": 30
    },
    "task748_glucose_reverse_cause_event_detection": {
      "bic_per_k": {
        "1": 147057.77286782782,
        "2": 147303.5710219437,
        "3": 147130.67508350452,
        "4": 147223.11512547507,
        "5": 147301.69502200748
      },
      "best_k": 1,
      "multi_modal": false,
      "n_pcs_used": 30
    },
    "task1510_evalution_relation_extraction": {
      "bic_per_k": {
        "1": 132690.31053494156,
        "2": 131281.52973702725,
        "3": 129957.4342598637,
        "4": 126936.82916311607,
        "5": 123787.1468175303
      },
      "best_k": 5,
      "multi_modal": true,
      "n_pcs_used": 30
    },
    "task639_multi_woz_user_utterance_generation": {
      "bic_per_k": {
        "1": 27803.12394346663,
        "2": 27923.589428143456,
        "3": 28004.77873714658,
        "4": 28202.328168033044
      },
      "best_k": 1,
      "multi_modal": false,
      "n_pcs_used": 30
    },
    "task1590_diplomacy_text_generation": {
      "bic_per_k": {
        "1": 23643.456077154675,
        "2": 23787.896759877356,
        "3": 23992.601620134534,
        "4": 24203.209561859872
      },
      "best_k": 1,
      "multi_modal": false,
      "n_pcs_used": 30
    },
    "task1729_personachat_generate_next": {
      "bic_per_k": {
        "1": 148861.95053208905,
        "2": 148858.1498190072,
        "3": 148505.79525410404,
        "4": 148539.52439864274,
        "5": 148735.6539119351
      },
      "best_k": 3,
      "multi_modal": true,
      "n_pcs_used": 30
    }
  },
  "A3_centroid_distances": {
    "tasks": [
      "task1687_sentiment140_classification",
      "task363_sst2_polarity_classification",
      "task875_emotion_classification",
      "task073_commonsenseqa_answer_generation",
      "task591_sciq_answer_generation",
      "task002_quoref_answer_generation",
      "task1290_xsum_summarization",
      "task1572_samsum_summary",
      "task511_reddit_tifu_long_text_summarization",
      "task181_outcome_extraction",
      "task748_glucose_reverse_cause_event_detection",
      "task1510_evalution_relation_extraction",
      "task639_multi_woz_user_utterance_generation",
      "task1590_diplomacy_text_generation",
      "task1729_personachat_generate_next"
    ],
    "cosine_dist": [
      [
        0.0,
        1.0924056768417358,
        1.0924729108810425,
        1.0920054912567139,
        1.0931811332702637,
        1.093599796295166,
        1.093431830406189,
        1.0359116792678833,
        1.0929298400878906,
        1.052773356437683,
        1.093214511871338,
        1.0933070182800293,
        1.0339480638504028,
        1.0315004587173462,
        1.09306800365448
      ],
      [
        1.0924056768417358,
        0.0,
        1.0927910804748535,
        1.0919212102890015,
        1.0931353569030762,
        1.0930453538894653,
        1.0930339097976685,
        1.035987377166748,
        1.0936493873596191,
        1.052554965019226,
        1.093213677406311,
        1.0931496620178223,
        1.0337365865707397,
        1.0319855213165283,
        1.093508005142212
      ],
      [
        1.0924729108810425,
        1.0927910804748535,
        0.0,
        1.091443657875061,
        1.093121886253357,
        1.093327283859253,
        1.0933520793914795,
        1.0363370180130005,
        1.0933008193969727,
        1.0525487661361694,
        1.0933010578155518,
        1.0931044816970825,
        1.0337884426116943,
        1.032341480255127,
        1.0933979749679565
      ],
      [
        1.0920054912567139,
        1.0919212102890015,
        1.091443657875061,
        0.0,
        1.0918165445327759,
        1.091748833656311,
        1.0921189785003662,
        1.0357379913330078,
        1.0920432806015015,
        1.051826000213623,
        1.091896653175354,
        1.0918667316436768,
        1.033689022064209,
        1.0311988592147827,
        1.0919861793518066
      ],
      [
        1.0931811332702637,
        1.0931353569030762,
        1.093121886253357,
        1.0918165445327759,
        0.0,
        1.0930759906768799,
        1.092991828918457,
        1.036055088043213,
        1.0932854413986206,
        1.052651047706604,
        1.0932010412216187,
        1.0931532382965088,
        1.0334506034851074,
        1.0324275493621826,
        1.0932470560073853
      ],
      [
        1.093599796295166,
        1.0930453538894653,
        1.093327283859253,
        1.091748833656311,
        1.0930759906768799,
        0.0,
        1.0926196575164795,
        1.0356223583221436,
        1.093143105506897,
        1.0522058010101318,
        1.0927603244781494,
        1.0932526588439941,
        1.033660888671875,
        1.0316808223724365,
        1.093151330947876
      ],
      [
        1.093431830406189,
        1.0930339097976685,
        1.0933520793914795,
        1.0921189785003662,
        1.092991828918457,
        1.0926196575164795,
        0.0,
        1.0353833436965942,
        1.0918970108032227,
        1.0526245832443237,
        1.0933451652526855,
        1.0933505296707153,
        1.0337098836898804,
        1.0318869352340698,
        1.0932061672210693
      ],
      [
        1.0359116792678833,
        1.035987377166748,
        1.0363370180130005,
        1.0357379913330078,
        1.036055088043213,
        1.0356223583221436,
        1.0353833436965942,
        0.0,
        1.0339704751968384,
        1.0202655792236328,
        1.0355610847473145,
        1.0360912084579468,
        1.0124167203903198,
        1.0113881826400757,
        1.0353021621704102
      ],
      [
        1.0929298400878906,
        1.0936493873596191,
        1.0933008193969727,
        1.0920432806015015,
        1.0932854413986206,
        1.093143105506897,
        1.0918970108032227,
        1.0339704751968384,
        0.0,
        1.0524824857711792,
        1.0930083990097046,
        1.0933278799057007,
        1.0342265367507935,
        1.0313457250595093,
        1.0931572914123535
      ],
      [
        1.052773356437683,
        1.052554965019226,
        1.0525487661361694,
        1.051826000213623,
        1.052651047706604,
        1.0522058010101318,
        1.0526245832443237,
        1.0202655792236328,
        1.0524824857711792,
        0.0,
        1.052406907081604,
        1.0523529052734375,
        1.0190813541412354,
        1.0180432796478271,
        1.0526129007339478
      ],
      [
        1.093214511871338,
        1.093213677406311,
        1.0933010578155518,
        1.091896653175354,
        1.0932010412216187,
        1.0927603244781494,
        1.0933451652526855,
        1.0355610847473145,
        1.0930083990097046,
        1.052406907081604,
        0.0,
        1.0931360721588135,
        1.0338466167449951,
        1.0320868492126465,
        1.0931981801986694
      ],
      [
        1.0933070182800293,
        1.0931496620178223,
        1.0931044816970825,
        1.0918667316436768,
        1.0931532382965088,
        1.0932526588439941,
        1.0933505296707153,
        1.0360912084579468,
        1.0933278799057007,
        1.0523529052734375,
        1.0931360721588135,
        0.0,
        1.033896565437317,
        1.0319770574569702,
        1.0932741165161133
      ],
      [
        1.0339480638504028,
        1.0337365865707397,
        1.0337884426116943,
        1.033689022064209,
        1.0334506034851074,
        1.033660888671875,
        1.0337098836898804,
        1.0124167203903198,
        1.0342265367507935,
        1.0190813541412354,
        1.0338466167449951,
        1.033896565437317,
        0.0,
        1.0098178386688232,
        1.032997488975525
      ],
      [
        1.0315004587173462,
        1.0319855213165283,
        1.032341480255127,
        1.0311988592147827,
        1.0324275493621826,
        1.0316808223724365,
        1.0318869352340698,
        1.0113881826400757,
        1.0313457250595093,
        1.0180432796478271,
        1.0320868492126465,
        1.0319770574569702,
        1.0098178386688232,
        0.0,
        1.0291999578475952
      ],
      [
        1.09306800365448,
        1.093508005142212,
        1.0933979749679565,
        1.0919861793518066,
        1.0932470560073853,
        1.093151330947876,
        1.0932061672210693,
        1.0353021621704102,
        1.0931572914123535,
        1.0526129007339478,
        1.0931981801986694,
        1.0932741165161133,
        1.032997488975525,
        1.0291999578475952,
        0.0
      ]
    ],
    "l2_dist": [
      [
        0.0,
        4.837566375732422,
        4.837839603424072,
        4.8718791007995605,
        4.840376377105713,
        4.83881950378418,
        4.838153839111328,
        9.163691520690918,
        4.836447238922119,
        6.807639122009277,
        4.839882850646973,
        4.841887950897217,
        9.685844421386719,
        10.167047500610352,
        4.8385515213012695
      ],
      [
        4.837566375732422,
        0.0,
        4.839061737060547,
        4.8722052574157715,
        4.840792179107666,
        4.838110446929932,
        4.837791442871094,
        9.164192199707031,
        4.838557243347168,
        6.807398796081543,
        4.840398788452148,
        4.842057228088379,
        9.685460090637207,
        10.168780326843262,
        4.840043067932129
      ],
      [
        4.837839603424072,
        4.839061737060547,
        0.0,
        4.87126350402832,
        4.840887069702148,
        4.838858604431152,
        4.838619709014893,
        9.165312767028809,
        4.8379106521606445,
        6.807469844818115,
        4.84071683883667,
        4.842081546783447,
        9.68567943572998,
        10.169931411743164,
        4.839924335479736
      ],
      [
        4.8718791007995605,
        4.8722052574157715,
        4.87126350402832,
        0.0,
        4.873057842254639,
        4.870440483093262,
        4.870974063873291,
        9.182071685791016,
        4.870213031768799,
        6.830423355102539,
        4.872673034667969,
        4.874394416809082,
        9.70295238494873,
        10.183143615722656,
        4.871872901916504
      ],
      [
        4.840376377105713,
        4.840792179107666,
        4.840887069702148,
        4.873057842254639,
        0.0,
        4.8392720222473145,
        4.838791370391846,
        9.164974212646484,
        4.838845252990723,
        6.808443546295166,
        4.841463565826416,
        4.843157768249512,
        9.685134887695312,
        10.170656204223633,
        4.840559005737305
      ],
      [
        4.83881950378418,
        4.838110446929932,
        4.838858604431152,
        4.870440483093262,
        4.8392720222473145,
        0.0,
        4.835484504699707,
        9.162359237670898,
        4.8360466957092285,
        6.805437088012695,
        4.838005542755127,
        4.840895652770996,
        9.684535026550293,
        10.16718578338623,
        4.837863922119141
      ],
      [
        4.838153839111328,
        4.837791442871094,
        4.838619709014893,
        4.870974063873291,
        4.838791370391846,
        4.835484504699707,
        0.0,
        9.161483764648438,
        4.832995891571045,
        6.806395530700684,
        4.839006423950195,
        4.840818881988525,
        9.684537887573242,
        10.167677879333496,
        4.837691307067871
      ],
      [
        9.163691520690918,
        9.164192199707031,
        9.165312767028809,
        9.182071685791016,
        9.164974212646484,
        9.162359237670898,
        9.161483764648438,
        0.0,
        9.156909942626953,
        10.339068412780762,
        9.163185119628906,
        9.16573429107666,
        12.420699119567871,
        12.798738479614258,
        9.161872863769531
      ],
      [
        4.836447238922119,
        4.838557243347168,
        4.8379106521606445,
        4.870213031768799,
        4.838845252990723,
        4.8360466957092285,
        4.832995891571045,
        9.156909942626953,
        0.0,
        6.805575847625732,
        4.83766508102417,
        4.84017276763916,
        9.685811042785645,
        10.165736198425293,
        4.836987018585205
      ],
      [
        6.807639122009277,
        6.807398796081543,
        6.807469844818115,
        6.830423355102539,
        6.808443546295166,
        6.805437088012695,
        6.806395530700684,
        10.339068412780762,
        6.805575847625732,
        0.0,
        6.80735969543457,
        6.808488368988037,
        10.804200172424316,
        11.23928165435791,
        6.807218074798584
      ],
      [
        4.839882850646973,
        4.840398788452148,
        4.84071683883667,
        4.872673034667969,
        4.841463565826416,
        4.838005542755127,
        4.839006423950195,
        9.163185119628906,
        4.83766508102417,
        6.80735969543457,
        0.0,
        4.842552661895752,
        9.686057090759277,
        10.169342041015625,
        4.839883327484131
      ],
      [
        4.841887950897217,
        4.842057228088379,
        4.842081546783447,
        4.874394416809082,
        4.843157768249512,
        4.840895652770996,
        4.840818881988525,
        9.16573429107666,
        4.84017276763916,
        6.808488368988037,
        4.842552661895752,
        0.0,
        9.687108993530273,
        10.169861793518066,
        4.841852188110352
      ],
      [
        9.685844421386719,
        9.685460090637207,
        9.68567943572998,
        9.70295238494873,
        9.685134887695312,
        9.684535026550293,
        9.684537887573242,
        12.420699119567871,
        9.685811042785645,
        10.804200172424316,
        9.686057090759277,
        9.687108993530273,
        0.0,
        13.171416282653809,
        9.68297004699707
      ],
      [
        10.167047500610352,
        10.168780326843262,
        10.169931411743164,
        10.183143615722656,
        10.170656204223633,
        10.16718578338623,
        10.167677879333496,
        12.798738479614258,
        10.165736198425293,
        11.23928165435791,
        10.169342041015625,
        10.169861793518066,
        13.171416282653809,
        0.0,
        10.16001033782959
      ],
      [
        4.8385515213012695,
        4.840043067932129,
        4.839924335479736,
        4.871872901916504,
        4.840559005737305,
        4.837863922119141,
        4.837691307067871,
        9.161872863769531,
        4.836987018585205,
        6.807218074798584,
        4.839883327484131,
        4.841852188110352,
        9.68297004699707,
        10.16001033782959,
        0.0
      ]
    ]
  },
  "A4_subspace_distances": {
    "tasks": [
      "task1687_sentiment140_classification",
      "task363_sst2_polarity_classification",
      "task875_emotion_classification",
      "task073_commonsenseqa_answer_generation",
      "task591_sciq_answer_generation",
      "task002_quoref_answer_generation",
      "task1290_xsum_summarization",
      "task1572_samsum_summary",
      "task511_reddit_tifu_long_text_summarization",
      "task181_outcome_extraction",
      "task748_glucose_reverse_cause_event_detection",
      "task1510_evalution_relation_extraction",
      "task639_multi_woz_user_utterance_generation",
      "task1590_diplomacy_text_generation",
      "task1729_personachat_generate_next"
    ],
    "k": 8,
    "geodesic": [
      [
        0.0,
        4.40228271484375,
        4.384113311767578,
        4.421689033508301,
        4.43669319152832,
        4.431649208068848,
        4.433544158935547,
        4.3768134117126465,
        4.415653228759766,
        4.410053253173828,
        4.417821407318115,
        4.415600776672363,
        4.401073455810547,
        4.37900972366333,
        4.411686420440674
      ],
      [
        4.40228271484375,
        0.0,
        4.403140068054199,
        4.420366287231445,
        4.436786651611328,
        4.427048683166504,
        4.433898448944092,
        4.409327030181885,
        4.425366401672363,
        4.386831760406494,
        4.422114372253418,
        4.418612480163574,
        4.411993026733398,
        4.4029340744018555,
        4.4231181144714355
      ],
      [
        4.384113311767578,
        4.403140068054199,
        0.0,
        4.407975196838379,
        4.436107158660889,
        4.431490898132324,
        4.4356207847595215,
        4.410485744476318,
        4.422954082489014,
        4.393860816955566,
        4.410372257232666,
        4.4065842628479,
        4.417751789093018,
        4.397563457489014,
        4.421522617340088
      ],
      [
        4.421689033508301,
        4.420366287231445,
        4.407975196838379,
        0.0,
        4.429209232330322,
        4.4304304122924805,
        4.435004711151123,
        4.409499645233154,
        4.422175407409668,
        4.402520179748535,
        4.409852504730225,
        4.405200481414795,
        4.4162092208862305,
        4.390091419219971,
        4.425029277801514
      ],
      [
        4.43669319152832,
        4.436786651611328,
        4.436107158660889,
        4.429209232330322,
        0.0,
        4.4388909339904785,
        4.439962863922119,
        4.43208646774292,
        4.436297416687012,
        4.42888069152832,
        4.436039447784424,
        4.432685852050781,
        4.430670261383057,
        4.425838470458984,
        4.436870574951172
      ],
      [
        4.431649208068848,
        4.427048683166504,
        4.431490898132324,
        4.4304304122924805,
        4.4388909339904785,
        0.0,
        4.436216354370117,
        4.4205098152160645,
        4.429393768310547,
        4.410725116729736,
        4.420523166656494,
        4.428751468658447,
        4.420389652252197,
        4.410621643066406,
        4.428739070892334
      ],
      [
        4.433544158935547,
        4.433898448944092,
        4.4356207847595215,
        4.435004711151123,
        4.439962863922119,
        4.436216354370117,
        0.0,
        4.428563594818115,
        4.430831432342529,
        4.4251790046691895,
        4.4330058097839355,
        4.431506633758545,
        4.431306838989258,
        4.417844772338867,
        4.433472156524658
      ],
      [
        4.3768134117126465,
        4.409327030181885,
        4.410485744476318,
        4.409499645233154,
        4.43208646774292,
        4.4205098152160645,
        4.428563594818115,
        0.0,
        4.3889899253845215,
        4.377237796783447,
        4.368598937988281,
        4.405620098114014,
        4.368122100830078,
        4.297357082366943,
        4.388070106506348
      ],
      [
        4.415653228759766,
        4.425366401672363,
        4.422954082489014,
        4.422175407409668,
        4.436297416687012,
        4.429393768310547,
        4.430831432342529,
        4.3889899253845215,
        0.0,
        4.410651206970215,
        4.3951802253723145,
        4.420022010803223,
        4.408693313598633,
        4.388256549835205,
        4.409220218658447
      ],
      [
        4.410053253173828,
        4.386831760406494,
        4.393860816955566,
        4.402520179748535,
        4.42888069152832,
        4.410725116729736,
        4.4251790046691895,
        4.377237796783447,
        4.410651206970215,
        0.0,
        4.396188735961914,
        4.380999565124512,
        4.389699459075928,
        4.369300842285156,
        4.408849239349365
      ],
      [
        4.417821407318115,
        4.422114372253418,
        4.410372257232666,
        4.409852504730225,
        4.436039447784424,
        4.420523166656494,
        4.4330058097839355,
        4.368598937988281,
        4.3951802253723145,
        4.396188735961914,
        0.0,
        4.408623695373535,
        4.397998332977295,
        4.394742012023926,
        4.414112091064453
      ],
      [
        4.415600776672363,
        4.418612480163574,
        4.4065842628479,
        4.405200481414795,
        4.432685852050781,
        4.428751468658447,
        4.431506633758545,
        4.405620098114014,
        4.420022010803223,
        4.380999565124512,
        4.408623695373535,
        0.0,
        4.405379295349121,
        4.396402835845947,
        4.417055606842041
      ],
      [
        4.401073455810547,
        4.411993026733398,
        4.417751789093018,
        4.4162092208862305,
        4.430670261383057,
        4.420389652252197,
        4.431306838989258,
        4.368122100830078,
        4.408693313598633,
        4.389699459075928,
        4.397998332977295,
        4.405379295349121,
        0.0,
        4.350961208343506,
        4.390801429748535
      ],
      [
        4.37900972366333,
        4.4029340744018555,
        4.397563457489014,
        4.390091419219971,
        4.425838470458984,
        4.410621643066406,
        4.417844772338867,
        4.297357082366943,
        4.388256549835205,
        4.369300842285156,
        4.394742012023926,
        4.396402835845947,
        4.350961208343506,
        0.0,
        4.3231282234191895
      ],
      [
        4.411686420440674,
        4.4231181144714355,
        4.421522617340088,
        4.425029277801514,
        4.436870574951172,
        4.428739070892334,
        4.433472156524658,
        4.388070106506348,
        4.409220218658447,
        4.408849239349365,
        4.414112091064453,
        4.417055606842041,
        4.390801429748535,
        4.3231282234191895,
        0.0
      ]
    ],
    "chordal": [
      [
        0.0,
        2.8279974460601807,
        2.8274385929107666,
        2.8283019065856934,
        2.8284170627593994,
        2.82839298248291,
        2.8284058570861816,
        2.8272273540496826,
        2.828233242034912,
        2.828132390975952,
        2.8282511234283447,
        2.828211545944214,
        2.8279614448547363,
        2.826909065246582,
        2.8281378746032715
      ],
      [
        2.8279974460601807,
        0.0,
        2.8279411792755127,
        2.8282902240753174,
        2.828416109085083,
        2.828354835510254,
        2.8284037113189697,
        2.828150510787964,
        2.8283531665802,
        2.827404737472534,
        2.8283133506774902,
        2.8282594680786133,
        2.828174591064453,
        2.8280162811279297,
        2.828308343887329
      ],
      [
        2.8274385929107666,
        2.8279411792755127,
        0.0,
        2.828097105026245,
        2.828413724899292,
        2.8283932209014893,
        2.828413248062134,
        2.8281748294830322,
        2.828310251235962,
        2.8277828693389893,
        2.8281171321868896,
        2.8280222415924072,
        2.82820725440979,
        2.8278346061706543,
        2.8282999992370605
      ],
      [
        2.8283019065856934,
        2.8282902240753174,
        2.828097105026245,
        0.0,
        2.8283724784851074,
        2.8283886909484863,
        2.828411340713501,
        2.828143358230591,
        2.828306198120117,
        2.8279340267181396,
        2.8281521797180176,
        2.828038454055786,
        2.8282246589660645,
        2.8276660442352295,
        2.828326940536499
      ],
      [
        2.8284170627593994,
        2.828416109085083,
        2.828413724899292,
        2.8283724784851074,
        0.0,
        2.8284225463867188,
        2.8284246921539307,
        2.8283960819244385,
        2.82841420173645,
        2.8283674716949463,
        2.82841420173645,
        2.8283932209014893,
        2.8283865451812744,
        2.828355312347412,
        2.828418254852295
      ],
      [
        2.82839298248291,
        2.828354835510254,
        2.8283932209014893,
        2.8283886909484863,
        2.8284225463867188,
        0.0,
        2.8284125328063965,
        2.8282787799835205,
        2.828376054763794,
        2.8280742168426514,
        2.8282947540283203,
        2.828376054763794,
        2.8282954692840576,
        2.828080654144287,
        2.828376531600952
      ],
      [
        2.8284058570861816,
