{
  "backbone": "flan-t5-large",
  "benchmark": "Long_Sequence",
  "d_model": 1024,
  "tasks_found": [
    "yelp",
    "amazon",
    "mnli",
    "cb",
    "copa",
    "qqp",
    "rte",
    "imdb",
    "sst2",
    "dbpedia",
    "agnews",
    "yahoo",
    "multirc",
    "boolq",
    "wic"
  ],
  "subspace_k": 8,
  "whitened": true,
  "A1_effective_dim": {
    "yelp": {
      "evr_k95": 678,
      "participation_ratio": 282.3518981933594,
      "effective_rank": 506.543701171875,
      "top5_eigvals": [
        9.697853088378906,
        9.068761825561523,
        7.83170223236084,
        6.931060314178467,
        6.451733589172363
      ],
      "d": 1024,
      "n": 5000
    },
    "amazon": {
      "evr_k95": 718,
      "participation_ratio": 370.0867614746094,
      "effective_rank": 588.1173095703125,
      "top5_eigvals": [
        9.194158554077148,
        7.871486663818359,
        7.043960094451904,
        6.205605983734131,
        5.784858226776123
      ],
      "d": 1024,
      "n": 5000
    },
    "mnli": {
      "evr_k95": 690,
      "participation_ratio": 350.41070556640625,
      "effective_rank": 570.9536743164062,
      "top5_eigvals": [
        13.533743858337402,
        13.038090705871582,
        11.933019638061523,
        10.345514297485352,
        8.334338188171387
      ],
      "d": 1024,
      "n": 3000
    },
    "cb": {
      "evr_k95": 196,
      "participation_ratio": 84.99468994140625,
      "effective_rank": 156.7127227783203,
      "top5_eigvals": [
        100.41913604736328,
        58.55173110961914,
        30.635013580322266,
        28.138774871826172,
        24.428464889526367
      ],
      "d": 1024,
      "n": 250
    },
    "copa": {
      "evr_k95": 272,
      "participation_ratio": 119.35224914550781,
      "effective_rank": 208.54237365722656,
      "top5_eigvals": [
        74.67194366455078,
        42.61848068237305,
        40.10369110107422,
        32.3875732421875,
        30.445083618164062
      ],
      "d": 1024,
      "n": 400
    },
    "qqp": {
      "evr_k95": 620,
      "participation_ratio": 260.4825744628906,
      "effective_rank": 473.4580383300781,
      "top5_eigvals": [
        23.50027847290039,
        16.361347198486328,
        15.767332077026367,
        14.763258934020996,
        14.263443946838379
      ],
      "d": 1024,
      "n": 2000
    },
    "rte": {
      "evr_k95": 659,
      "participation_ratio": 379.14990234375,
      "effective_rank": 567.927001953125,
      "top5_eigvals": [
        19.21078109741211,
        14.68359661102295,
        13.3717622756958,
        12.247234344482422,
        10.932509422302246
      ],
      "d": 1024,
      "n": 2000
    },
    "imdb": {
      "evr_k95": 612,
      "participation_ratio": 217.68798828125,
      "effective_rank": 439.1291809082031,
      "top5_eigvals": [
        16.754337310791016,
        14.502699851989746,
        12.239439964294434,
        10.07630729675293,
        9.28089427947998
      ],
      "d": 1024,
      "n": 2000
    },
    "sst2": {
      "evr_k95": 563,
      "participation_ratio": 214.8584442138672,
      "effective_rank": 405.3337097167969,
      "top5_eigvals": [
        25.036163330078125,
        21.465560913085938,
        20.14708709716797,
        17.200551986694336,
        15.591039657592773
      ],
      "d": 1024,
      "n": 2000
    },
    "dbpedia": {
      "evr_k95": 744,
      "participation_ratio": 549.8131713867188,
      "effective_rank": 698.335693359375,
      "top5_eigvals": [
        3.9163436889648438,
        3.883443593978882,
        3.8065109252929688,
        3.7939815521240234,
        3.7610044479370117
      ],
      "d": 1024,
      "n": 14000
    },
    "agnews": {
      "evr_k95": 697,
      "participation_ratio": 370.4419250488281,
      "effective_rank": 572.1577758789062,
      "top5_eigvals": [
        12.546566009521484,
        12.196417808532715,
        11.895407676696777,
        11.592024803161621,
        11.001993179321289
      ],
      "d": 1024,
      "n": 4000
    },
    "yahoo": {
      "evr_k95": 813,
      "participation_ratio": 667.6015625,
      "effective_rank": 799.7578125,
      "top5_eigvals": [
        5.403017997741699,
        5.206723690032959,
        5.181248188018799,
        5.037012100219727,
        4.976117134094238
      ],
      "d": 1024,
      "n": 10000
    },
    "multirc": {
      "evr_k95": 426,
      "participation_ratio": 193.61607360839844,
      "effective_rank": 324.4725341796875,
      "top5_eigvals": [
        23.090192794799805,
        20.66965103149414,
        18.476591110229492,
        16.357921600341797,
        15.205092430114746
      ],
      "d": 1024,
      "n": 2000
    },
    "boolq": {
      "evr_k95": 639,
      "participation_ratio": 336.1770935058594,
      "effective_rank": 527.5118408203125,
      "top5_eigvals": [
        19.106279373168945,
        18.07731819152832,
        16.2459774017334,
        14.380326271057129,
        13.334356307983398
      ],
      "d": 1024,
      "n": 2000
    },
    "wic": {
      "evr_k95": 567,
      "participation_ratio": 246.31504821777344,
      "effective_rank": 432.08203125,
      "top5_eigvals": [
        20.327072143554688,
        17.595489501953125,
        15.986330032348633,
        13.852615356445312,
        13.017240524291992
      ],
      "d": 1024,
      "n": 2000
    }
  },
  "A2_gaussianity": {
    "yelp": {
      "excess_kurtosis_top_pcs": [
        0.16430890999235226,
        -0.6604080752829713,
        -0.6349693975714734,
        0.6792974933120051,
        0.1789099488861332,
        0.015575566590096734,
        0.05934385511586315,
        0.44333167011506003,
        0.47656719887915777,
        0.3989483238651954
      ],
      "mean_abs_kurtosis": 0.3711660439610308
    },
    "amazon": {
      "excess_kurtosis_top_pcs": [
        -1.2925977857271798,
        -0.5218661477486397,
        -0.989407666984099,
        -0.44803264282519706,
        -0.2700254667150235,
        -0.19398874540183675,
        -0.06049657231365613,
        0.40721898367750775,
        1.903891803002117,
        0.18159608153379958
      ],
      "mean_abs_kurtosis": 0.6269121895929055
    },
    "mnli": {
      "excess_kurtosis_top_pcs": [
        -0.24763246156673047,
        -0.38727109667106907,
        1.8409290008458576,
        -0.5173162017047024,
        -0.2666156226242409,
        0.15450196687483064,
        0.2634848497682123,
        -0.24264593707636894,
        -0.16234974094733445,
        0.38253111422855257
      ],
      "mean_abs_kurtosis": 0.44652779923078983
    },
    "cb": {
      "excess_kurtosis_top_pcs": [
        -1.5880408457292186,
        -0.09364635287249268,
        -0.4026196206819863,
        -0.3180829996852417,
        0.4109395578548165,
        0.37232867696786576,
        -0.2707573372027374,
        -0.4883393726845635,
        0.15812218587924676,
        0.5543366782722243
      ],
      "mean_abs_kurtosis": 0.4657213627830393
    },
    "copa": {
      "excess_kurtosis_top_pcs": [
        -1.6117038166404043,
        -0.5145975682253026,
        -0.04543135860987002,
        -0.45217648715064573,
        -0.045910703583931234,
        -0.2327278857747661,
        0.1898234585363361,
        -0.3269809611349772,
        0.26275315908853125,
        -0.08083804891680524
      ],
      "mean_abs_kurtosis": 0.376294344766157
    },
    "qqp": {
      "excess_kurtosis_top_pcs": [
        -0.8551447173468678,
        -0.31804772616612675,
        -0.16217277754100445,
        5.303751058363936,
        -0.43713666877862023,
        -0.4325470802760094,
        0.2723738387112067,
        -0.15266426599909888,
        0.885985836362873,
        4.701896313303385
      ],
      "mean_abs_kurtosis": 1.3521720282849128
    },
    "rte": {
      "excess_kurtosis_top_pcs": [
        -0.7634762543108708,
        -0.852169585702983,
        0.0284930429527126,
        0.29420944331662424,
        0.2554863288736575,
        -0.047845410924538534,
        -0.17836146959583843,
        -0.10387663388527502,
        -0.09029118255980739,
        -0.04042502135872672
      ],
      "mean_abs_kurtosis": 0.2654634373481034
    },
    "imdb": {
      "excess_kurtosis_top_pcs": [
        -0.2885065504735804,
        -0.4770468456708037,
        -0.7308150275227985,
        -0.019806116907300275,
        0.0027381534961343768,
        -0.03754270189109432,
        -0.07365954896397486,
        -0.026737455110428687,
        -0.027028254497238002,
        0.03662641105728559
      ],
      "mean_abs_kurtosis": 0.17205070655906388
    },
    "sst2": {
      "excess_kurtosis_top_pcs": [
        -1.08790481460335,
        -1.2374912550375292,
        -0.09692633666074224,
        -0.2385397530312483,
        -0.08064978622225594,
        -0.2908093592537737,
        0.3911725347881787,
        -0.1393011215645683,
        0.028743536627617416,
        0.027466749151070058
      ],
      "mean_abs_kurtosis": 0.3619005246940334
    },
    "dbpedia": {
      "excess_kurtosis_top_pcs": [
        4.118546676369346,
        5.5624016322761936,
        0.11462698152850104,
        -0.4193851849734509,
        -0.49848615584539235,
        5.9591453275519,
        1.5275253355343104,
        5.790068492417307,
        3.69240484196039,
        0.6330430617866578
      ],
      "mean_abs_kurtosis": 2.831563369024345
    },
    "agnews": {
      "excess_kurtosis_top_pcs": [
        1.3589879976205133,
        0.13743856877461846,
        1.10864793845165,
        -0.38770830417074587,
        -0.3741442593738338,
        2.218147557751699,
        1.6569839416113705,
        0.3976304780018083,
        -0.09739663300907075,
        0.1798676717360439
      ],
      "mean_abs_kurtosis": 0.7916953350501353
    },
    "yahoo": {
      "excess_kurtosis_top_pcs": [
        -0.24014750469344515,
        1.3196151597424324,
        -0.2141613014338568,
        0.9550867394619433,
        8.769850833250914,
        0.3185124703574851,
        2.484908495712804,
        1.357759772331443,
        0.16781760187576822,
        0.5109836687375848
      ],
      "mean_abs_kurtosis": 1.6338843547597677
    },
    "multirc": {
      "excess_kurtosis_top_pcs": [
        -0.7447945106817464,
        -0.7749142251401051,
        0.0006054917789901637,
        0.01719940903470718,
        0.09650673604766435,
        1.0489456999212248,
        0.7808325518672024,
        0.35701202790194086,
        0.483366498909084,
        -0.3308986722207927
      ],
      "mean_abs_kurtosis": 0.4635075823503458
    },
    "boolq": {
      "excess_kurtosis_top_pcs": [
        0.4892229678026512,
        -0.5859763978290538,
        -0.07880651106274472,
        0.3230557998222352,
        1.5123901881639696,
        -0.2253215307462888,
        4.818112252929784,
        1.1314268574722774,
        0.8143340609817535,
        0.8764906987357928
      ],
      "mean_abs_kurtosis": 1.085513726554655
    },
    "wic": {
      "excess_kurtosis_top_pcs": [
        0.20997741776619616,
        -0.44458512504748526,
        -0.23604353300537584,
        -0.3268120894903812,
        -0.05298134892658002,
        0.010753777652058538,
        0.00193580310703112,
        0.8411389200499837,
        0.45025878852846546,
        -0.10914207746526827
      ],
      "mean_abs_kurtosis": 0.26836288810388254
    }
  },
  "A2b_multimodality": {
    "yelp": {
      "bic_per_k": {
        "1": 643140.3745178805,
        "2": 638324.8648966509,
        "3": 635786.9644781121,
        "4": 634758.3930618379,
        "5": 633560.5805512053
      },
      "best_k": 5,
      "multi_modal": true,
      "n_pcs_used": 30
    },
    "amazon": {
      "bic_per_k": {
        "1": 640012.1031375685,
        "2": 631848.9026577043,
        "3": 629125.4910094837,
        "4": 627388.1835295361,
        "5": 626124.5857668241
      },
      "best_k": 5,
      "multi_modal": true,
      "n_pcs_used": 30
    },
    "mnli": {
      "bic_per_k": {
        "1": 411073.92648870236,
        "2": 408771.7303381948,
        "3": 407309.6200086647,
        "4": 406442.0081235436,
        "5": 405810.3594995056
      },
      "best_k": 5,
      "multi_modal": true,
      "n_pcs_used": 30
    },
    "cb": {
      "bic_per_k": {
        "1": 42873.33537511578,
        "2": 42770.73335020263,
        "3": 42916.619781796435,
        "4": 43115.364987254376,
        "5": 43398.87002768067
      },
      "best_k": 2,
      "multi_modal": true,
      "n_pcs_used": 30
    },
    "copa": {
      "bic_per_k": {
        "1": 70016.56059004749,
        "2": 69875.2291671095,
        "3": 70122.87686413639,
        "4": 70237.47650913306,
        "5": 70528.08757456201
      },
      "best_k": 2,
      "multi_modal": true,
      "n_pcs_used": 30
    },
    "qqp": {
      "bic_per_k": {
        "1": 296803.48130320053,
        "2": 295544.88821298373,
        "3": 294470.83705258137,
        "4": 293343.3181973337,
        "5": 292872.38213964785
      },
      "best_k": 5,
      "multi_modal": true,
      "n_pcs_used": 30
    },
    "rte": {
      "bic_per_k": {
        "1": 293717.34435937245,
        "2": 292870.16962179926,
        "3": 292721.1750150949,
        "4": 292520.4645952047,
        "5": 292499.49493871455
      },
      "best_k": 5,
      "multi_modal": true,
      "n_pcs_used": 30
    },
    "imdb": {
      "bic_per_k": {
        "1": 269845.55067798425,
        "2": 268733.9522453076,
        "3": 268743.2769852973,
        "4": 268726.18952847784,
        "5": 268681.9115499216
      },
      "best_k": 5,
      "multi_modal": true,
      "n_pcs_used": 30
    },
    "sst2": {
      "bic_per_k": {
        "1": 307004.55759406934,
        "2": 306462.36602437065,
        "3": 305775.4768056135,
        "4": 305046.9659499065,
        "5": 304719.7364353937
      },
      "best_k": 5,
      "multi_modal": true,
      "n_pcs_used": 30
    },
    "dbpedia": {
      "bic_per_k": {
        "1": 1702414.7522809966,
        "2": 1666373.6016802473,
        "3": 1600294.5968205864,
        "4": 1575779.1428466497,
        "5": 1550037.792348227
      },
      "best_k": 5,
      "multi_modal": true,
      "n_pcs_used": 30
    },
    "agnews": {
      "bic_per_k": {
        "1": 591757.7714596646,
        "2": 586979.2414260444,
        "3": 583595.8593947267,
        "4": 579674.1455434273,
        "5": 577068.6606260394
      },
      "best_k": 5,
      "multi_modal": true,
      "n_pcs_used": 30
    },
    "yahoo": {
      "bic_per_k": {
        "1": 1291032.592377781,
        "2": 1276368.116703092,
        "3": 1269536.7359597536,
        "4": 1266034.8495063023,
        "5": 1260375.2747170567
      },
      "best_k": 5,
      "multi_modal": true,
      "n_pcs_used": 30
    },
    "multirc": {
      "bic_per_k": {
        "1": 312287.5531202679,
        "2": 309437.1355895106,
        "3": 308126.6150487242,
        "4": 304606.127447851,
        "5": 302505.29847718
      },
      "best_k": 5,
      "multi_modal": true,
      "n_pcs_used": 30
    },
    "boolq": {
      "bic_per_k": {
        "1": 306090.6173332158,
        "2": 304574.8850623836,
        "3": 303456.63014829723,
        "4": 303108.2781006377,
        "5": 302572.3957943076
      },
      "best_k": 5,
      "multi_modal": true,
      "n_pcs_used": 30
    },
    "wic": {
      "bic_per_k": {
        "1": 296299.08938195155,
        "2": 296287.9195671753,
        "3": 295657.45047164906,
        "4": 295763.5468853067,
        "5": 295619.04578607914
      },
      "best_k": 5,
      "multi_modal": true,
      "n_pcs_used": 30
    }
  },
  "A3_centroid_distances": {
    "tasks": [
      "yelp",
      "amazon",
      "mnli",
      "cb",
      "copa",
      "qqp",
      "rte",
      "imdb",
      "sst2",
      "dbpedia",
      "agnews",
      "yahoo",
      "multirc",
      "boolq",
      "wic"
    ],
    "cosine_dist": [
      [
        0.0,
        1.0786933898925781,
        1.0780702829360962,
        1.0251398086547852,
        1.0268769264221191,
        1.0626718997955322,
        1.0657958984375,
        1.052344560623169,
        1.060749888420105,
        1.1856659650802612,
        1.0905323028564453,
        1.1491574048995972,
        1.0643242597579956,
        1.0629793405532837,
        1.0618571043014526
      ],
      [
        1.0786933898925781,
        0.0,
        1.0747941732406616,
        1.0330206155776978,
        1.0282191038131714,
        1.0602349042892456,
        1.0685526132583618,
        1.0372594594955444,
        1.0595407485961914,
        1.1866127252578735,
        1.0903213024139404,
        1.1505684852600098,
        1.059425950050354,
        1.0638320446014404,
        1.0645159482955933
      ],
      [
        1.0780702829360962,
        1.0747941732406616,
        0.0,
        0.9905554056167603,
        1.0175836086273193,
        1.0451385974884033,
        1.0279231071472168,
        1.0488755702972412,
        1.050331473350525,
        1.1420719623565674,
        1.070440411567688,
        1.1140626668930054,
        1.0435864925384521,
        1.0475174188613892,
        1.044414758682251
      ],
      [
        1.0251398086547852,
        1.0330206155776978,
        0.9905554056167603,
        0.0,
        1.002604603767395,
        1.017028570175171,
        0.996574342250824,
        1.0160902738571167,
        1.0067169666290283,
        1.0395585298538208,
        1.0197943449020386,
        1.0303497314453125,
        1.0068519115447998,
        1.0183571577072144,
        1.0053215026855469
      ],
      [
        1.0268769264221191,
        1.0282191038131714,
        1.0175836086273193,
        1.002604603767395,
        0.0,
        1.0123345851898193,
        1.0197679996490479,
        1.015209674835205,
        1.0163267850875854,
        1.0508663654327393,
        1.0232714414596558,
        1.0430787801742554,
        1.0085769891738892,
        1.0133421421051025,
        1.0172433853149414
      ],
      [
        1.0626718997955322,
        1.0602349042892456,
        1.0451385974884033,
        1.017028570175171,
        1.0123345851898193,
        0.0,
        1.028311848640442,
        1.043760895729065,
        1.0388602018356323,
        1.1142946481704712,
        1.056013584136963,
        1.0914239883422852,
        1.0368554592132568,
        1.0326387882232666,
        1.0329606533050537
      ],
      [
        1.0657958984375,
        1.0685526132583618,
        1.0279231071472168,
        0.996574342250824,
        1.0197679996490479,
        1.028311848640442,
        0.0,
        1.0353646278381348,
        1.0353145599365234,
        1.114048719406128,
        1.0536569356918335,
        1.0982950925827026,
        1.024435043334961,
        1.0246981382369995,
        1.039893627166748
      ],
      [
        1.052344560623169,
        1.0372594594955444,
        1.0488755702972412,
        1.0160902738571167,
        1.015209674835205,
        1.043760895729065,
        1.0353646278381348,
        0.0,
        1.0255380868911743,
        1.1154452562332153,
        1.0542147159576416,
        1.0921677350997925,
        1.0352966785430908,
        1.0423104763031006,
        1.0368369817733765
      ],
      [
        1.060749888420105,
        1.0595407485961914,
        1.050331473350525,
        1.0067169666290283,
        1.0163267850875854,
        1.0388602018356323,
        1.0353145599365234,
        1.0255380868911743,
        0.0,
        1.1147024631500244,
        1.0514272451400757,
        1.0934619903564453,
        1.040290117263794,
        1.0380784273147583,
        1.0369569063186646
      ],
      [
        1.1856659650802612,
        1.1866127252578735,
        1.1420719623565674,
        1.0395585298538208,
        1.0508663654327393,
        1.1142946481704712,
        1.114048719406128,
        1.1154452562332153,
        1.1147024631500244,
        0.0,
        1.1599247455596924,
        1.2699620723724365,
        1.1201092004776,
        1.1165339946746826,
        1.1134059429168701
      ],
      [
        1.0905323028564453,
        1.0903213024139404,
        1.070440411567688,
        1.0197943449020386,
        1.0232714414596558,
        1.056013584136963,
        1.0536569356918335,
        1.0542147159576416,
        1.0514272451400757,
        1.1599247455596924,
        0.0,
        1.1268128156661987,
        1.0548101663589478,
        1.0573766231536865,
        1.054724097251892
      ],
      [
        1.1491574048995972,
        1.1505684852600098,
        1.1140626668930054,
        1.0303497314453125,
        1.0430787801742554,
        1.0914239883422852,
        1.0982950925827026,
        1.0921677350997925,
        1.0934619903564453,
        1.2699620723724365,
        1.1268128156661987,
        0.0,
        1.0877001285552979,
        1.0885944366455078,
        1.0917341709136963
      ],
      [
        1.0643242597579956,
        1.059425950050354,
        1.0435864925384521,
        1.0068519115447998,
        1.0085769891738892,
        1.0368554592132568,
        1.024435043334961,
        1.0352966785430908,
        1.040290117263794,
        1.1201092004776,
        1.0548101663589478,
        1.0877001285552979,
        0.0,
        1.007967472076416,
        1.0393353700637817
      ],
      [
        1.0629793405532837,
        1.0638320446014404,
        1.0475174188613892,
        1.0183571577072144,
        1.0133421421051025,
        1.0326387882232666,
        1.0246981382369995,
        1.0423104763031006,
        1.0380784273147583,
        1.1165339946746826,
        1.0573766231536865,
        1.0885944366455078,
        1.007967472076416,
        0.0,
        1.035021185874939
      ],
      [
        1.0618571043014526,
        1.0645159482955933,
        1.044414758682251,
        1.0053215026855469,
        1.0172433853149414,
        1.0329606533050537,
        1.039893627166748,
        1.0368369817733765,
        1.0369569063186646,
        1.1134059429168701,
        1.054724097251892,
        1.0917341709136963,
        1.0393353700637817,
        1.035021185874939,
        0.0
      ]
    ],
    "l2_dist": [
      [
        0.0,
        4.57233190536499,
        5.359160900115967,
        13.817913055419922,
        11.953104972839355,
        6.145051956176758,
        6.063938140869141,
        5.95900821685791,
        6.146329879760742,
        3.834144353866577,
        4.941676616668701,
        4.0250043869018555,
        6.024401664733887,
        6.058053970336914,
        6.172784328460693
      ],
      [
        4.57233190536499,
        0.0,
        5.3359832763671875,
        13.835598945617676,
        11.950248718261719,
        6.125392913818359,
        6.0574049949646,
        5.9066877365112305,
        6.129875183105469,
        3.8140039443969727,
        4.924554824829102,
        4.006895065307617,
        5.998234272003174,
        6.046694755554199,
        6.166347980499268
      ],
      [
        5.359160900115967,
        5.3359832763671875,
        0.0,
        13.963297843933105,
        12.238992691040039,
        6.696377277374268,
        6.56107234954834,
        6.562131881713867,
        6.7183837890625,
        4.679607391357422,
        5.6260552406311035,
        4.837074279785156,
        6.577361106872559,
        6.623453617095947,
        6.721452236175537
      ],
      [
        13.817913055419922,
        13.835598945617676,
        13.963297843933105,
        0.0,
        17.636707305908203,
        14.4010591506958,
        14.267498970031738,
        14.329007148742676,
        14.354750633239746,
        13.558335304260254,
        13.913814544677734,
        13.610637664794922,
        14.300792694091797,
        14.369773864746094,
        14.35799503326416
      ],
      [
        11.953104972839355,
        11.950248718261719,
        12.238992691040039,
        17.636707305908203,
        0.0,
        12.59476089477539,
        12.585787773132324,
        12.53144359588623,
        12.616307258605957,
        11.66755199432373,
        12.071728706359863,
        11.736220359802246,
        12.51791000366211,
        12.557198524475098,
        12.632070541381836
      ],
      [
        6.145051956176758,
        6.125392913818359,
        6.696377277374268,
        14.4010591506958,
        12.59476089477539,
        0.0,
        7.238368511199951,
        7.233916282653809,
        7.355047702789307,
        5.562739372253418,
        6.377610206604004,
        5.695211887359619,
        7.2386674880981445,
        7.254715919494629,
        7.353821754455566
      ],
      [
        6.063938140869141,
        6.0574049949646,
        6.56107234954834,
        14.267498970031738,
        12.585787773132324,
        7.238368511199951,
        0.0,
        7.129208564758301,
        7.268249988555908,
        5.463693618774414,
        6.2850341796875,
        5.611880302429199,
        7.120291709899902,
        7.152163982391357,
        7.30424165725708
      ],
      [
        5.95900821685791,
        5.9066877365112305,
        6.562131881713867,
        14.329007148742676,
        12.53144359588623,
        7.233916282653809,
        7.129208564758301,
        0.0,
        7.1758317947387695,
        5.387817859649658,
        6.218925952911377,
        5.524226665496826,
        7.098773956298828,
        7.154242038726807,
        7.23528528213501
      ],
      [
        6.146329879760742,
        6.129875183105469,
        6.7183837890625,
        14.354750633239746,
        12.616307258605957,
        7.355047702789307,
        7.268249988555908,
        7.1758317947387695,
        0.0,
        5.5703020095825195,
        6.370593070983887,
        5.70582389831543,
        7.255956172943115,
        7.279083728790283,
        7.373252868652344
      ],
      [
        3.834144353866577,
        3.8140039443969727,
        4.679607391357422,
        13.558335304260254,
        11.66755199432373,
        5.562739372253418,
        5.463693618774414,
        5.387817859649658,
        5.5703020095825195,
        0.0,
        4.188006401062012,
        3.0607380867004395,
        5.433547019958496,
        5.469110488891602,
        5.594297885894775
      ],
      [
        4.941676616668701,
        4.924554824829102,
        5.6260552406311035,
        13.913814544677734,
        12.071728706359863,
        6.377610206604004,
        6.2850341796875,
        6.218925952911377,
        6.370593070983887,
        4.188006401062012,
        0.0,
        4.360595703125,
        6.253890514373779,
        6.296857833862305,
        6.402718544006348
      ],
      [
        4.0250043869018555,
        4.006895065307617,
        4.837074279785156,
        13.610637664794922,
        11.736220359802246,
        5.695211887359619,
        5.611880302429199,
        5.524226665496826,
        5.70582389831543,
        3.0607380867004395,
        4.360595703125,
        0.0,
        5.5532732009887695,
        5.5950846672058105,
        5.727977275848389
      ],
      [
        6.024401664733887,
        5.998234272003174,
        6.577361106872559,
        14.300792694091797,
        12.51791000366211,
        7.2386674880981445,
        7.120291709899902,
        7.098773956298828,
        7.255956172943115,
        5.433547019958496,
        6.253890514373779,
        5.5532732009887695,
        0.0,
        7.0639729499816895,
        7.272636413574219
      ],
      [
        6.058053970336914,
        6.046694755554199,
        6.623453617095947,
        14.369773864746094,
        12.557198524475098,
        7.254715919494629,
        7.152163982391357,
        7.154242038726807,
        7.279083728790283,
        5.469110488891602,
        6.296857833862305,
        5.5950846672058105,
        7.0639729499816895,
        0.0,
        7.288250923156738
      ],
      [
        6.172784328460693,
        6.166347980499268,
        6.721452236175537,
        14.35799503326416,
        12.632070541381836,
        7.353821754455566,
        7.30424165725708,
        7.23528528213501,
        7.373252868652344,
        5.594297885894775,
        6.402718544006348,
        5.727977275848389,
        7.272636413574219,
        7.288250923156738,
        0.0
      ]
    ]
  },
  "A4_subspace_distances": {
    "tasks": [
      "yelp",
      "amazon",
      "mnli",
      "cb",
      "copa",
      "qqp",
      "rte",
      "imdb",
      "sst2",
      "dbpedia",
      "agnews",
      "yahoo",
      "multirc",
      "boolq",
      "wic"
    ],
    "k": 8,
    "geodesic": [
      [
        0.0,
        4.061190128326416,
        4.377712249755859,
        4.350735664367676,
        4.33203649520874,
        4.381319046020508,
        4.368124961853027,
        4.185842037200928,
        4.347288608551025,
        4.420693874359131,
        4.387613773345947,
        4.396454811096191,
        4.3663649559021,
        4.365676403045654,
        4.35949182510376
      ],
      [
        4.061190128326416,
        0.0,
        4.360804557800293,
        4.338827133178711,
        4.316843032836914,
        4.361338138580322,
        4.378036975860596,
        4.083923816680908,
        4.290222644805908,
        4.414548397064209,
        4.402210712432861,
        4.383123397827148,
        4.369034767150879,
        4.358136177062988,
        4.364748477935791
      ],
      [
        4.377712249755859,
        4.360804557800293,
        0.0,
        3.9842848777770996,
        4.246444225311279,
        4.141122341156006,
        4.010046482086182,
        4.3386759757995605,
        4.347961902618408,
        4.418212890625,
        4.397754669189453,
        4.39129114151001,
        4.3219757080078125,
        4.334425926208496,
        4.202330589294434
      ],
      [
        4.350735664367676,
        4.338827133178711,
        3.9842848777770996,
        0.0,
        4.220102310180664,
        4.291774749755859,
        4.130139350891113,
        4.316740036010742,
        4.323681354522705,
        4.402632713317871,
        4.377527236938477,
        4.3517351150512695,
        4.184794902801514,
        4.272218227386475,
        4.2445387840271
      ],
      [
        4.33203649520874,
        4.316843032836914,
        4.246444225311279,
        4.220102310180664,
        0.0,
        4.273191452026367,
        4.29118013381958,
        4.337568283081055,
        4.332718372344971,
        4.4121294021606445,
        4.382949352264404,
        4.366700172424316,
        4.3353705406188965,
        4.282227516174316,
        4.235047817230225
      ],
      [
        4.381319046020508,
        4.361338138580322,
        4.141122341156006,
        4.291774749755859,
        4.273191452026367,
        0.0,
        4.208568096160889,
        4.341804027557373,
        4.339996814727783,
        4.418780326843262,
        4.38636589050293,
        4.34181547164917,
        4.351578235626221,
        4.331538677215576,
        4.263914108276367
      ],
      [
        4.368124961853027,
        4.378036975860596,
        4.010046482086182,
        4.130139350891113,
        4.29118013381958,
        4.208568096160889,
        0.0,
        4.339771747589111,
        4.368310451507568,
        4.40816593170166,
        4.32733154296875,
        4.398946285247803,
        4.215949058532715,
        4.213528633117676,
        4.324293613433838
      ],
      [
        4.185842037200928,
        4.083923816680908,
        4.3386759757995605,
        4.316740036010742,
        4.337568283081055,
        4.341804027557373,
        4.339771747589111,
        0.0,
        4.191142559051514,
        4.415872097015381,
        4.358747959136963,
        4.3715128898620605,
        4.284323692321777,
        4.32236385345459,
        4.348449230194092
      ],
      [
        4.347288608551025,
        4.290222644805908,
        4.347961902618408,
        4.323681354522705,
        4.332718372344971,
        4.339996814727783,
        4.368310451507568,
        4.191142559051514,
        0.0,
        4.420499324798584,
        4.385384559631348,
        4.400613784790039,
        4.356998920440674,
        4.359437942504883,
        4.307947635650635
      ],
      [
        4.420693874359131,
        4.414548397064209,
        4.418212890625,
        4.402632713317871,
        4.4121294021606445,
        4.418780326843262,
        4.40816593170166,
        4.415872097015381,
        4.420499324798584,
        0.0,
        4.422750949859619,
        4.429790019989014,
        4.422224521636963,
        4.398515701293945,
        4.415152549743652
      ],
      [
        4.387613773345947,
        4.402210712432861,
        4.397754669189453,
        4.377527236938477,
        4.382949352264404,
        4.38636589050293,
        4.32733154296875,
        4.358747959136963,
        4.385384559631348,
        4.422750949859619,
        0.0,
        4.41024923324585,
        4.386451244354248,
        4.394443511962891,
        4.3848137855529785
      ],
      [
        4.396454811096191,
        4.383123397827148,
        4.39129114151001,
        4.3517351150512695,
        4.366700172424316,
        4.34181547164917,
        4.398946285247803,
        4.3715128898620605,
        4.400613784790039,
        4.429790019989014,
        4.41024923324585,
        0.0,
        4.399704933166504,
        4.390762805938721,
        4.402328968048096
      ],
      [
        4.3663649559021,
        4.369034767150879,
        4.3219757080078125,
        4.184794902801514,
        4.3353705406188965,
        4.351578235626221,
        4.215949058532715,
        4.284323692321777,
        4.356998920440674,
        4.422224521636963,
        4.386451244354248,
        4.399704933166504,
        0.0,
        4.1650390625,
        4.362527370452881
      ],
      [
        4.365676403045654,
        4.358136177062988,
        4.334425926208496,
        4.272218227386475,
        4.282227516174316,
        4.331538677215576,
        4.213528633117676,
        4.32236385345459,
        4.359437942504883,
        4.398515701293945,
        4.394443511962891,
        4.390762805938721,
        4.1650390625,
        0.0,
        4.31933069229126
      ],
      [
        4.35949182510376,
        4.364748477935791,
        4.202330589294434,
        4.2445387840271,
        4.235047817230225,
        4.263914108276367,
        4.324293613433838,
        4.348449230194092,
        4.307947635650635,
        4.415152549743652,
        4.3848137855529785,
        4.402328968048096,
        4.362527370452881,
        4.31933069229126,
        0.0
      ]
    ],
    "chordal": [
      [
        0.0,
        2.7853617668151855,
        2.827341318130493,
        2.8263421058654785,
        2.8252782821655273,
        2.8274612426757812,
        2.827054738998413,
        2.8113462924957275,
        2.825857639312744,
        2.8282856941223145,
        2.8274972438812256,
        2.827625274658203,
        2.8266854286193848,
        2.8267409801483154,
        2.8263742923736572
      ],
      [
        2.7853617668151855,
        0.0,
        2.8264894485473633,
        2.825561285018921,
        2.824157238006592,
        2.8268210887908936,
        2.827401876449585,
        2.7906925678253174,
        2.8224527835845947,
        2.828162908554077,
        2.828030824661255,
        2.8273541927337646,
        2.8270022869110107,
        2.8265433311462402,
        2.8267548084259033
      ],
      [
        2.827341318130493,
        2.8264894485473633,
        0.0,
        2.7718560695648193,
        2.817934989929199,
        2.806464910507202,
        2.7826552391052246,
        2.8256611824035645,
        2.825950860977173,
        2.828268051147461,
        2.8278682231903076,
        2.8277554512023926,
        2.8244104385375977,
        2.825348377227783,
        2.810739040374756
      ],
      [
        2.8263421058654785,
        2.825561285018921,
        2.7718560695648193,
        0.0,
        2.8158795833587646,
        2.8212687969207764,
        2.804029703140259,
        2.824355363845825,
        2.8246467113494873,
        2.828015089035034,
        2.8273041248321533,
        2.826028347015381,
        2.8084774017333984,
        2.820665121078491,
        2.8184828758239746
      ],
      [
        2.8252782821655273,
        2.824157238006592,
        2.817934989929199,
        2.8158795833587646,
        0.0,
        2.8204293251037598,
        2.821756601333618,
        2.8256113529205322,
        2.8250107765197754,
        2.8281490802764893,
        2.8273675441741943,
        2.826869010925293,
        2.8254544734954834,
        2.8212850093841553,
        2.8166749477386475
      ],
      [
        2.8274612426757812,
        2.8268210887908936,
        2.806464910507202,
        2.8212687969207764,
        2.8204293251037598,
        0.0,
        2.8130106925964355,
        2.825611114501953,
        2.825847625732422,
        2.8282792568206787,
        2.827622175216675,
        2.825531482696533,
        2.826183319091797,
        2.825054407119751,
        2.8204009532928467
      ],
      [
        2.827054738998413,
        2.827401876449585,
        2.7826552391052246,
        2.804029703140259,
        2.821756601333618,
        2.8130106925964355,
        0.0,
        2.8258469104766846,
        2.826964855194092,
        2.8281095027923584,
        2.824215888977051,
        2.8279671669006348,
        2.8134026527404785,
        2.8145248889923096,
        2.824814796447754
      ],
      [
        2.8113462924957275,
        2.7906925678253174,
        2.8256611824035645,
        2.824355363845825,
        2.8256113529205322,
        2.825611114501953,
        2.8258469104766846,
        0.0,
        2.812105178833008,
        2.8282315731048584,
        2.8263864517211914,
        2.8270394802093506,
        2.8208680152893066,
        2.8239879608154297,
        2.826270818710327
      ],
      [
        2.825857639312744,
        2.8224527835845947,
        2.825950860977173,
        2.8246467113494873,
        2.8250107765197754,
        2.825847625732422,
        2.826964855194092,
        2.812105178833008,
        0.0,
        2.828287363052368,
        2.827472448348999,
        2.8278610706329346,
        2.8259754180908203,
        2.826533079147339,
        2.82356858253479
      ],
      [
        2.8282856941223145,
        2.828162908554077,
        2.828268051147461,
        2.828015089035034,
        2.8281490802764893,
        2.8282792568206787,
        2.8281095027923584,
        2.8282315731048584,
        2.828287363052368,
        0.0,
        2.8283140659332275,
        2.828372001647949,
        2.828298807144165,
        2.8278861045837402,
        2.8281993865966797
      ],
      [
        2.8274972438812256,
        2.828030824661255,
        2.8278682231903076,
        2.8273041248321533,
        2.8273675441741943,
        2.827622175216675,
        2.824215888977051,
        2.8263864517211914,
        2.827472448348999,
        2.8283140659332275,
        0.0,
        2.8280787467956543,
        2.827636957168579,
        2.8277525901794434,
        2.8274736404418945
      ],
      [
        2.827625274658203,
        2.8273541927337646,
        2.8277554512023926,
        2.826028347015381,
        2.826869010925293,
        2.825531482696533,
        2.8279671669006348,
        2.8270394802093506,
        2.8278610706329346,
        2.828372001647949,
        2.8280787467956543,
        0.0,
        2.827991485595703,
        2.8277437686920166,
        2.8279590606689453
      ],
      [
        2.8266854286193848,
        2.8270022869110107,
        2.8244104385375977,
        2.8084774017333984,
        2.8254544734954834,
        2.826183319091797,
        2.8134026527404785,
        2.8208680152893066,
