{
  "backbone": "flan-t5-large",
  "benchmark": "SuperNI",
  "d_model": 1024,
  "tasks_found": [
    "task1687_sentiment140_classification",
    "task363_sst2_polarity_classification",
    "task875_emotion_classification",
    "task073_commonsenseqa_answer_generation",
    "task591_sciq_answer_generation",
    "task002_quoref_answer_generation",
    "task1290_xsum_summarization",
    "task1572_samsum_summary",
    "task511_reddit_tifu_long_text_summarization",
    "task181_outcome_extraction",
    "task748_glucose_reverse_cause_event_detection",
    "task1510_evalution_relation_extraction",
    "task639_multi_woz_user_utterance_generation",
    "task1590_diplomacy_text_generation",
    "task1729_personachat_generate_next"
  ],
  "subspace_k": 8,
  "whitened": false,
  "A1_effective_dim": {
    "task1687_sentiment140_classification": {
      "evr_k95": 287,
      "participation_ratio": 23.39156150817871,
      "effective_rank": 93.11070251464844,
      "top5_eigvals": [
        0.008700544945895672,
        0.0058440351858735085,
        0.002565548988059163,
        0.0020392220467329025,
        0.0014766568783670664
      ],
      "d": 1024,
      "n": 1000
    },
    "task363_sst2_polarity_classification": {
      "evr_k95": 248,
      "participation_ratio": 12.163832664489746,
      "effective_rank": 53.896793365478516,
      "top5_eigvals": [
        0.010044928640127182,
        0.007691225968301296,
        0.0021762135438621044,
        0.0014114811783656478,
        0.0011572593357414007
      ],
      "d": 1024,
      "n": 1000
    },
    "task875_emotion_classification": {
      "evr_k95": 222,
      "participation_ratio": 6.0093092918396,
      "effective_rank": 36.044456481933594,
      "top5_eigvals": [
        0.017579814419150352,
        0.0026868549175560474,
        0.0015542556066066027,
        0.0010479813208803535,
        0.0009617781615816057
      ],
      "d": 1024,
      "n": 1000
    },
    "task073_commonsenseqa_answer_generation": {
      "evr_k95": 339,
      "participation_ratio": 39.52854537963867,
      "effective_rank": 141.23391723632812,
      "top5_eigvals": [
        0.0037773980293422937,
        0.0017420692602172494,
        0.001371484249830246,
        0.000933702802285552,
        0.0007759106811136007
      ],
      "d": 1024,
      "n": 975
    },
    "task591_sciq_answer_generation": {
      "evr_k95": 289,
      "participation_ratio": 41.550479888916016,
      "effective_rank": 112.63785552978516,
      "top5_eigvals": [
        0.009547287598252296,
        0.006881318055093288,
        0.006698116660118103,
        0.005700763314962387,
        0.0051388973370194435
      ],
      "d": 1024,
      "n": 1000
    },
    "task002_quoref_answer_generation": {
      "evr_k95": 225,
      "participation_ratio": 12.808923721313477,
      "effective_rank": 56.220401763916016,
      "top5_eigvals": [
        0.03580886125564575,
        0.01866389997303486,
        0.006333605851978064,
        0.00518870260566473,
        0.0042665330693125725
      ],
      "d": 1024,
      "n": 1000
    },
    "task1290_xsum_summarization": {
      "evr_k95": 264,
      "participation_ratio": 26.14275360107422,
      "effective_rank": 85.329833984375,
      "top5_eigvals": [
        0.023973820731043816,
        0.01928546093404293,
        0.01076550967991352,
        0.008611436933279037,
        0.0076753851026296616
      ],
      "d": 1024,
      "n": 1000
    },
    "task1572_samsum_summary": {
      "evr_k95": 103,
      "participation_ratio": 13.538199424743652,
      "effective_rank": 44.81138610839844,
      "top5_eigvals": [
        0.025878826156258583,
        0.0074916076846420765,
        0.0058390116319060326,
        0.004194938577711582,
        0.002895754063501954
      ],
      "d": 1024,
      "n": 160
    },
    "task511_reddit_tifu_long_text_summarization": {
      "evr_k95": 304,
      "participation_ratio": 41.91791915893555,
      "effective_rank": 122.6585464477539,
      "top5_eigvals": [
        0.007632020860910416,
        0.004822213668376207,
        0.0035138933453708887,
        0.0034156977199018,
        0.0024589195381850004
      ],
      "d": 1024,
      "n": 1000
    },
    "task181_outcome_extraction": {
      "evr_k95": 134,
      "participation_ratio": 13.530229568481445,
      "effective_rank": 43.5705451965332,
      "top5_eigvals": [
        0.004288410767912865,
        0.0021826988086104393,
        0.0014973722863942385,
        0.000975708244368434,
        0.0007036260212771595
      ],
      "d": 1024,
      "n": 338
    },
    "task748_glucose_reverse_cause_event_detection": {
      "evr_k95": 287,
      "participation_ratio": 46.6927490234375,
      "effective_rank": 124.11966705322266,
      "top5_eigvals": [
        0.002893464406952262,
        0.00252423994243145,
        0.0020655051339417696,
        0.0015587639063596725,
        0.0014176095137372613
      ],
      "d": 1024,
      "n": 1000
    },
    "task1510_evalution_relation_extraction": {
      "evr_k95": 86,
      "participation_ratio": 8.715754508972168,
      "effective_rank": 23.338443756103516,
      "top5_eigvals": [
        0.0018976922146975994,
        0.0009902294259518385,
        0.0007528116693720222,
        0.0005756969330832362,
        0.0003437706909608096
      ],
      "d": 1024,
      "n": 1000
    },
    "task639_multi_woz_user_utterance_generation": {
      "evr_k95": 73,
      "participation_ratio": 12.304533004760742,
      "effective_rank": 31.314695358276367,
      "top5_eigvals": [
        0.017580240964889526,
        0.008492942899465561,
        0.005462695378810167,
        0.004065415356308222,
        0.0032487178687006235
      ],
      "d": 1024,
      "n": 142
    },
    "task1590_diplomacy_text_generation": {
      "evr_k95": 82,
      "participation_ratio": 10.517463684082031,
      "effective_rank": 35.122825622558594,
      "top5_eigvals": [
        0.015223410911858082,
        0.0036737665068358183,
        0.002269095042720437,
        0.0018297835486009717,
        0.001638856716454029
      ],
      "d": 1024,
      "n": 126
    },
    "task1729_personachat_generate_next": {
      "evr_k95": 261,
      "participation_ratio": 10.082653045654297,
      "effective_rank": 60.56930923461914,
      "top5_eigvals": [
        0.01775912009179592,
        0.0027913989033550024,
        0.0018371142214164138,
        0.0015497804852202535,
        0.0013904878869652748
      ],
      "d": 1024,
      "n": 1000
    }
  },
  "A2_gaussianity": {
    "task1687_sentiment140_classification": {
      "excess_kurtosis_top_pcs": [
        -0.10628045019687393,
        -0.541738268359738,
        -0.19080064195224633,
        0.7451242515767977,
        0.7492293395077971,
        1.9378591440716857,
        0.5649636475371898,
        21.203199430806823,
        0.22018095438891416,
        1.7520434862450074
      ],
      "mean_abs_kurtosis": 2.8011419614643076
    },
    "task363_sst2_polarity_classification": {
      "excess_kurtosis_top_pcs": [
        -1.47355105948842,
        -0.6150560046568105,
        0.1805352201801651,
        0.11774547088273879,
        0.2009053341551046,
        0.41005735247978325,
        -0.08814695815239437,
        0.3181060682347887,
        0.5462257955006775,
        0.14160823387057553
      ],
      "mean_abs_kurtosis": 0.40919374976014583
    },
    "task875_emotion_classification": {
      "excess_kurtosis_top_pcs": [
        -0.37991851357930617,
        -0.9332695891471503,
        -0.45609313766121584,
        0.6730574855402391,
        0.23807468797747156,
        1.4764947745530064,
        0.598244278164906,
        1.14316532550734,
        1.0117040747189634,
        0.2568103542182092
      ],
      "mean_abs_kurtosis": 0.7166832221067808
    },
    "task073_commonsenseqa_answer_generation": {
      "excess_kurtosis_top_pcs": [
        -1.479535068395177,
        0.5795701724118061,
        1.0642324708445523,
        -0.22734727938881294,
        0.4263650180265439,
        0.19455899574341773,
        -0.10036357159855713,
        0.15671088041492354,
        0.25695477500972164,
        0.1295474208777705
      ],
      "mean_abs_kurtosis": 0.4615185652711283
    },
    "task591_sciq_answer_generation": {
      "excess_kurtosis_top_pcs": [
        -0.6542002029054861,
        -0.27815181331369976,
        -0.13905942659359471,
        -0.22959212824598474,
        -0.0891843685964977,
        0.022896273587230898,
        0.05330862398235725,
        0.5351921114795051,
        0.17417593066469683,
        0.1471960573861999
      ],
      "mean_abs_kurtosis": 0.2322956936755253
    },
    "task002_quoref_answer_generation": {
      "excess_kurtosis_top_pcs": [
        -1.0856621384101666,
        0.06646136032556438,
        -0.4324302236923141,
        -0.02609613598309002,
        0.20956059343844569,
        -0.11384604127239006,
        0.05131134030374174,
        0.1052694624885997,
        0.22625586573261058,
        0.1435760810395621
      ],
      "mean_abs_kurtosis": 0.2460469242686485
    },
    "task1290_xsum_summarization": {
      "excess_kurtosis_top_pcs": [
        -0.02356817874165751,
        -0.13366944864575148,
        -0.13082368164863611,
        -0.3456195429810687,
        0.4153110724931519,
        -0.4856554691373285,
        0.053706888143974396,
        -0.21415988973016642,
        0.03709994233228464,
        0.2939806058193084
      ],
      "mean_abs_kurtosis": 0.2133594719673328
    },
    "task1572_samsum_summary": {
      "excess_kurtosis_top_pcs": [
        -0.9243276303533197,
        -0.5921596898903001,
        0.22636388556236664,
        -0.11031899550916169,
        0.10478564731172035,
        -0.42378713568800697,
        0.6223762054482571,
        0.2607522845983423,
        -0.5408900838595336,
        -0.34103129977011415
      ],
      "mean_abs_kurtosis": 0.4146792857991123
    },
    "task511_reddit_tifu_long_text_summarization": {
      "excess_kurtosis_top_pcs": [
        0.27730255019141303,
        -0.0046654269409964755,
        -0.10072030592137349,
        -0.28739636049469297,
        -0.24206330083351046,
        0.8872990025823784,
        0.19807514262349946,
        0.448921783997998,
        -0.13875347219086187,
        0.4947798304319062
      ],
      "mean_abs_kurtosis": 0.30799771762086303
    },
    "task181_outcome_extraction": {
      "excess_kurtosis_top_pcs": [
        0.47731760700406145,
        -0.6610377672810563,
        -0.7640211159137449,
        0.2806900116589581,
        0.17171465693656218,
        0.3801365142232518,
        0.2006106985562477,
        -0.1574354028124354,
        0.7132784651188486,
        -0.09807089124727408
      ],
      "mean_abs_kurtosis": 0.39043131307524404
    },
    "task748_glucose_reverse_cause_event_detection": {
      "excess_kurtosis_top_pcs": [
        -0.42820033638891086,
        -0.6840885404893342,
        -0.6533584086544231,
        -0.20089883244553697,
        0.059127558849013884,
        -0.1955411110866292,
        -0.020001286703598353,
        -0.024893717427362905,
        0.21797438818640735,
        0.0014238526176781896
      ],
      "mean_abs_kurtosis": 0.2485508032848895
    },
    "task1510_evalution_relation_extraction": {
      "excess_kurtosis_top_pcs": [
        -1.421373150294408,
        -0.11785529219035151,
        0.8813141893829832,
        -0.29181530869433603,
        -0.24967486734037925,
        0.3110214570498986,
        2.7020317910725975,
        0.7182932169424436,
        0.20527001957107505,
        0.2267661862530863
      ],
      "mean_abs_kurtosis": 0.7125415478791559
    },
    "task639_multi_woz_user_utterance_generation": {
      "excess_kurtosis_top_pcs": [
        -0.5631452987738559,
        -0.2022680882080694,
        -0.4850021633440069,
        0.5994383754732175,
        -0.6205723622546957,
        -0.35772056247896744,
        -0.23258766779415874,
        0.1318689180193804,
        -0.026435622611240106,
        0.22273639858960248
      ],
      "mean_abs_kurtosis": 0.3441775457547195
    },
    "task1590_diplomacy_text_generation": {
      "excess_kurtosis_top_pcs": [
        -0.5178991841767071,
        -0.32993443234683806,
        0.5890421765816378,
        5.700044347372735,
        -0.08697846419844435,
        0.3128983405977088,
        0.6212652975714117,
        -0.3250920150655463,
        0.12438051679406348,
        0.4260633543177139
      ],
      "mean_abs_kurtosis": 0.9033598129022806
    },
    "task1729_personachat_generate_next": {
      "excess_kurtosis_top_pcs": [
        -0.7785501085462854,
        -0.051129308769310544,
        -0.2073504030773594,
        -0.18911876625931034,
        0.0882158246527407,
        0.13847568176324287,
        -0.04091129046250863,
        0.30915576389016985,
        0.3129251583485533,
        -0.17369658821993106
      ],
      "mean_abs_kurtosis": 0.2289528893989412
    }
  },
  "A2b_multimodality": {
    "task1687_sentiment140_classification": {
      "bic_per_k": {
        "1": -130458.43891668662,
        "2": -131732.00704743253,
        "3": -131717.14019254353,
        "4": -131572.37117738216,
        "5": -131834.11644052624
      },
      "best_k": 5,
      "multi_modal": true,
      "n_pcs_used": 30
    },
    "task363_sst2_polarity_classification": {
      "bic_per_k": {
        "1": -139556.68716330244,
        "2": -139830.55010491525,
        "3": -139625.0403315278,
        "4": -139778.4271215111,
        "5": -139610.94099222342
      },
      "best_k": 2,
      "multi_modal": true,
      "n_pcs_used": 30
    },
    "task875_emotion_classification": {
      "bic_per_k": {
        "1": -143956.50923375745,
        "2": -144770.88883166725,
        "3": -144590.3864459224,
        "4": -144427.69334330905,
        "5": -144271.52622888595
      },
      "best_k": 2,
      "multi_modal": true,
      "n_pcs_used": 30
    },
    "task073_commonsenseqa_answer_generation": {
      "bic_per_k": {
        "1": -143382.40826239914,
        "2": -143873.64248287847,
        "3": -143649.30093121115,
        "4": -143506.24092914868,
        "5": -143407.5286543866
      },
      "best_k": 2,
      "multi_modal": true,
      "n_pcs_used": 30
    },
    "task591_sciq_answer_generation": {
      "bic_per_k": {
        "1": -103365.2267461899,
        "2": -103327.39373029886,
        "3": -103523.61515118722,
        "4": -103351.7161580194,
        "5": -103594.9318324331
      },
      "best_k": 5,
      "multi_modal": true,
      "n_pcs_used": 30
    },
    "task002_quoref_answer_generation": {
      "bic_per_k": {
        "1": -101390.7592717373,
        "2": -102554.82521188178,
        "3": -102327.93876481627,
        "4": -103447.50273778908,
        "5": -103564.57964559994
      },
      "best_k": 5,
      "multi_modal": true,
      "n_pcs_used": 30
    },
    "task1290_xsum_summarization": {
      "bic_per_k": {
        "1": -91123.4416236862,
        "2": -91062.1091301076,
        "3": -91890.13103756438,
        "4": -92228.91180142235,
        "5": -92684.6028248969
      },
      "best_k": 5,
      "multi_modal": true,
      "n_pcs_used": 30
    },
    "task1572_samsum_summary": {
      "bic_per_k": {
        "1": -17017.07449177366,
        "2": -16843.15371054214,
        "3": -16636.716753760153,
        "4": -16452.357708597803,
        "5": -16232.772600074257
      },
      "best_k": 1,
      "multi_modal": false,
      "n_pcs_used": 30
    },
    "task511_reddit_tifu_long_text_summarization": {
      "bic_per_k": {
        "1": -116516.47809892343,
        "2": -116429.18707297403,
        "3": -116233.78567948121,
        "4": -116051.38536707606,
        "5": -115883.08596600423
      },
      "best_k": 1,
      "multi_modal": false,
      "n_pcs_used": 30
    },
    "task181_outcome_extraction": {
      "bic_per_k": {
        "1": -53383.00371497853,
        "2": -53328.909277180486,
        "3": -53113.54356254376,
        "4": -52817.83316639716,
        "5": -52704.014357771775
      },
      "best_k": 1,
      "multi_modal": false,
      "n_pcs_used": 30
    },
    "task748_glucose_reverse_cause_event_detection": {
      "bic_per_k": {
        "1": -136307.65217966127,
        "2": -136053.60714805766,
        "3": -135830.60164232037,
        "4": -135599.09685606344,
        "5": -135351.49272961728
      },
      "best_k": 1,
      "multi_modal": false,
      "n_pcs_used": 30
    },
    "task1510_evalution_relation_extraction": {
      "bic_per_k": {
        "1": -184739.4308692036,
        "2": -186173.15580028528,
        "3": -186514.69057568363,
        "4": -187858.30626578224,
        "5": -189670.81777695715
      },
      "best_k": 5,
      "multi_modal": true,
      "n_pcs_used": 30
    },
    "task639_multi_woz_user_utterance_generation": {
      "bic_per_k": {
        "1": -16335.886953235857,
        "2": -16263.337786921646,
        "3": -16094.71653342321,
        "4": -15918.914011245928
      },
      "best_k": 1,
      "multi_modal": false,
      "n_pcs_used": 30
    },
    "task1590_diplomacy_text_generation": {
      "bic_per_k": {
        "1": -15853.817180575614,
        "2": -15688.61600496264,
        "3": -15494.657898995003,
        "4": -15278.524168184082
      },
      "best_k": 1,
      "multi_modal": false,
      "n_pcs_used": 30
    },
    "task1729_personachat_generate_next": {
      "bic_per_k": {
        "1": -131229.7695374149,
        "2": -131318.1356417248,
        "3": -131308.1627686506,
        "4": -131070.9796195641,
        "5": -130806.22736482768
      },
      "best_k": 2,
      "multi_modal": true,
      "n_pcs_used": 30
    }
  },
  "A3_centroid_distances": {
    "tasks": [
      "task1687_sentiment140_classification",
      "task363_sst2_polarity_classification",
      "task875_emotion_classification",
      "task073_commonsenseqa_answer_generation",
      "task591_sciq_answer_generation",
      "task002_quoref_answer_generation",
      "task1290_xsum_summarization",
      "task1572_samsum_summary",
      "task511_reddit_tifu_long_text_summarization",
      "task181_outcome_extraction",
      "task748_glucose_reverse_cause_event_detection",
      "task1510_evalution_relation_extraction",
      "task639_multi_woz_user_utterance_generation",
      "task1590_diplomacy_text_generation",
      "task1729_personachat_generate_next"
    ],
    "cosine_dist": [
      [
        0.0,
        0.27440643310546875,
        0.2185659408569336,
        0.3161895275115967,
        0.43294888734817505,
        0.46490901708602905,
        0.4729592800140381,
        0.37295639514923096,
        0.37670254707336426,
        0.39903533458709717,
        0.32987451553344727,
        0.45600438117980957,
        0.3784477710723877,
        0.36261922121047974,
        0.37701570987701416
      ],
      [
        0.27440643310546875,
        0.0,
        0.23618853092193604,
        0.3386709690093994,
        0.4805011749267578,
        0.4884082078933716,
        0.5007167458534241,
        0.48479706048965454,
        0.5328288674354553,
        0.415946900844574,
        0.414065420627594,
        0.44946086406707764,
        0.5369490385055542,
        0.4846850633621216,
        0.5385466814041138
      ],
      [
        0.2185659408569336,
        0.23618853092193604,
        0.0,
        0.21949732303619385,
        0.42828595638275146,
        0.4066580533981323,
        0.49251580238342285,
        0.425720751285553,
        0.4688115119934082,
        0.33297741413116455,
        0.34314048290252686,
        0.3244192600250244,
        0.5064449310302734,
        0.42786717414855957,
        0.44754254817962646
      ],
      [
        0.3161895275115967,
        0.3386709690093994,
        0.21949732303619385,
        0.0,
        0.38210153579711914,
        0.3205419182777405,
        0.449180006980896,
        0.37743186950683594,
        0.45281922817230225,
        0.20674985647201538,
        0.22882401943206787,
        0.2635374069213867,
        0.4774458408355713,
        0.3408832550048828,
        0.37834787368774414
      ],
      [
        0.43294888734817505,
        0.4805011749267578,
        0.42828595638275146,
        0.38210153579711914,
        0.0,
        0.5640166401863098,
        0.5736973285675049,
        0.5846425890922546,
        0.5806212425231934,
        0.45310842990875244,
        0.41653382778167725,
        0.5123433470726013,
        0.5224815011024475,
        0.5450187921524048,
        0.549415111541748
      ],
      [
        0.46490901708602905,
        0.4884082078933716,
        0.4066580533981323,
        0.3205419182777405,
        0.5640166401863098,
        0.0,
        0.31907057762145996,
        0.4292524456977844,
        0.3540056347846985,
        0.2775108814239502,
        0.3208721876144409,
        0.5021543502807617,
        0.56135493516922,
        0.32337427139282227,
        0.37422966957092285
      ],
      [
        0.4729592800140381,
        0.5007167458534241,
        0.49251580238342285,
        0.449180006980896,
        0.5736973285675049,
        0.31907057762145996,
        0.0,
        0.36114102602005005,
        0.3251676559448242,
        0.42726778984069824,
        0.37181687355041504,
        0.5751155614852905,
        0.5218759775161743,
        0.42233800888061523,
        0.4507979154586792
      ],
      [
        0.37295639514923096,
        0.48479706048965454,
        0.425720751285553,
        0.37743186950683594,
        0.5846425890922546,
        0.4292524456977844,
        0.36114102602005005,
        0.0,
        0.34043455123901367,
        0.42180120944976807,
        0.24704456329345703,
        0.46401166915893555,
        0.4333329200744629,
        0.35705047845840454,
        0.3367488384246826
      ],
      [
        0.37670254707336426,
        0.5328288674354553,
        0.4688115119934082,
        0.45281922817230225,
        0.5806212425231934,
        0.3540056347846985,
        0.3251676559448242,
        0.34043455123901367,
        0.0,
        0.4382598400115967,
        0.3195984363555908,
        0.5961111783981323,
        0.5085331201553345,
        0.3652693033218384,
        0.3802388906478882
      ],
      [
        0.39903533458709717,
        0.415946900844574,
        0.33297741413116455,
        0.20674985647201538,
        0.45310842990875244,
        0.2775108814239502,
        0.42726778984069824,
        0.42180120944976807,
        0.4382598400115967,
        0.0,
        0.23063772916793823,
        0.33111512660980225,
        0.49375224113464355,
        0.35064220428466797,
        0.3857762813568115
      ],
      [
        0.32987451553344727,
        0.414065420627594,
        0.34314048290252686,
        0.22882401943206787,
        0.41653382778167725,
        0.3208721876144409,
        0.37181687355041504,
        0.24704456329345703,
        0.3195984363555908,
        0.23063772916793823,
        0.0,
        0.38867104053497314,
        0.4374065399169922,
        0.3233104348182678,
        0.30810725688934326
      ],
      [
        0.45600438117980957,
        0.44946086406707764,
        0.3244192600250244,
        0.2635374069213867,
        0.5123433470726013,
        0.5021543502807617,
        0.5751155614852905,
        0.46401166915893555,
        0.5961111783981323,
        0.33111512660980225,
        0.38867104053497314,
        0.0,
        0.6395124197006226,
        0.5490095615386963,
        0.5562705993652344
      ],
      [
        0.3784477710723877,
        0.5369490385055542,
        0.5064449310302734,
        0.4774458408355713,
        0.5224815011024475,
        0.56135493516922,
        0.5218759775161743,
        0.4333329200744629,
        0.5085331201553345,
        0.49375224113464355,
        0.4374065399169922,
        0.6395124197006226,
        0.0,
        0.3128817081451416,
        0.35900670289993286
      ],
      [
        0.36261922121047974,
        0.4846850633621216,
        0.42786717414855957,
        0.3408832550048828,
        0.5450187921524048,
        0.32337427139282227,
        0.42233800888061523,
        0.35705047845840454,
        0.3652693033218384,
        0.35064220428466797,
        0.3233104348182678,
        0.5490095615386963,
        0.3128817081451416,
        0.0,
        0.14891040325164795
      ],
      [
        0.37701570987701416,
        0.5385466814041138,
        0.44754254817962646,
        0.37834787368774414,
        0.549415111541748,
        0.37422966957092285,
        0.4507979154586792,
        0.3367488384246826,
        0.3802388906478882,
        0.3857762813568115,
        0.30810725688934326,
        0.5562705993652344,
        0.35900670289993286,
        0.14891040325164795,
        0.0
      ]
    ],
    "l2_dist": [
      [
        0.0,
        0.5226578712463379,
        0.5086795687675476,
        0.7352839708328247,
        0.71562659740448,
        0.8017887473106384,
        0.6742509007453918,
        0.6236950159072876,
        0.6022810339927673,
        0.7465048432350159,
        0.6438043117523193,
        0.8059635162353516,
        0.6324205994606018,
        0.6457168459892273,
        0.6492704749107361
      ],
      [
        0.5226578712463379,
        0.0,
        0.5155574083328247,
        0.754243791103363,
        0.725603461265564,
        0.7995280027389526,
        0.6523041129112244,
        0.6757717132568359,
        0.6711936593055725,
        0.7447152733802795,
        0.6979656219482422,
        0.78264319896698,
        0.7168856263160706,
        0.7164469361305237,
        0.7423955202102661
      ],
      [
        0.5086795687675476,
        0.5155574083328247,
        0.0,
        0.628673255443573,
        0.7365105748176575,
        0.7697083353996277,
        0.7239177227020264,
        0.6967804431915283,
        0.7060403227806091,
        0.6989325881004333,
        0.6752309799194336,
        0.6989148855209351,
        0.7633674740791321,
        0.7271385788917542,
        0.735110878944397
      ],
      [
        0.7352839708328247,
        0.754243791103363,
        0.628673255443573,
        0.0,
        0.8100337982177734,
        0.7689854502677917,
        0.8436220288276672,
        0.7910590171813965,
        0.8460363149642944,
        0.6210783123970032,
        0.6428046822547913,
        0.7030560374259949,
        0.8785459399223328,
        0.7649129033088684,
        0.7988797426223755
      ],
      [
        0.71562659740448,
        0.725603461265564,
        0.7365105748176575,
        0.8100337982177734,
        0.0,
        0.9057508707046509,
        0.7813266515731812,
        0.8171420693397522,
        0.7845092415809631,
        0.8141400218009949,
        0.7452841401100159,
        0.8747038841247559,
        0.7774438261985779,
        0.8226572871208191,
        0.8164193034172058
      ],
      [
        0.8017887473106384,
        0.7995280027389526,
        0.7697083353996277,
        0.7689854502677917,
        0.9057508707046509,
        0.0,
        0.6597260236740112,
        0.7639667987823486,
        0.6892635822296143,
        0.6712459325790405,
        0.6971827149391174,
        0.9112743735313416,
        0.8708241581916809,
        0.6839367747306824,
        0.7287807464599609
      ],
      [
        0.6742509007453918,
        0.6523041129112244,
        0.7239177227020264,
        0.8436220288276672,
        0.7813266515731812,
        0.6597260236740112,
        0.0,
        0.5755729079246521,
        0.5145546197891235,
        0.7495332956314087,
        0.6591036319732666,
        0.8679327368736267,
        0.6964739561080933,
        0.6629138588905334,
        0.6721554398536682
      ],
      [
        0.6236950159072876,
        0.6757717132568359,
        0.6967804431915283,
        0.7910590171813965,
        0.8171420693397522,
        0.7639667987823486,
        0.5755729079246521,
        0.0,
        0.5580063462257385,
        0.7589185237884521,
        0.5544544458389282,
        0.8044727444648743,
        0.6631349921226501,
        0.6307218670845032,
        0.6033219695091248
      ],
      [
        0.6022810339927673,
        0.6711936593055725,
        0.7060403227806091,
        0.8460363149642944,
        0.7845092415809631,
        0.6892635822296143,
        0.5145546197891235,
        0.5580063462257385,
        0.0,
        0.7573528289794922,
        0.614992082118988,
        0.8809894919395447,
        0.6861985921859741,
        0.6177871823310852,
        0.6181756258010864
      ],
      [
        0.7465048432350159,
        0.7447152733802795,
        0.6989325881004333,
        0.6210783123970032,
        0.8141400218009949,
        0.6712459325790405,
        0.7495332956314087,
        0.7589185237884521,
        0.7573528289794922,
        0.0,
        0.5929197072982788,
        0.7407634258270264,
        0.8203615546226501,
        0.71232008934021,
        0.7405946850776672
      ],
      [
        0.6438043117523193,
        0.6979656219482422,
        0.6752309799194336,
        0.6428046822547913,
        0.7452841401100159,
        0.6971827149391174,
        0.6591036319732666,
        0.5544544458389282,
        0.614992082118988,
        0.5929197072982788,
        0.0,
        0.7761244773864746,
        0.7327486872673035,
        0.6500718593597412,
        0.6289128661155701
      ],
      [
        0.8059635162353516,
        0.78264319896698,
        0.6989148855209351,
        0.7030560374259949,
        0.8747038841247559,
        0.9112743735313416,
        0.8679327368736267,
        0.8044727444648743,
        0.8809894919395447,
        0.7407634258270264,
        0.7761244773864746,
        0.0,
        0.9396464228630066,
        0.8966883420944214,
        0.8947545289993286
      ],
      [
        0.6324205994606018,
        0.7168856263160706,
        0.7633674740791321,
        0.8785459399223328,
        0.7774438261985779,
        0.8708241581916809,
        0.6964739561080933,
        0.6631349921226501,
        0.6861985921859741,
        0.8203615546226501,
        0.7327486872673035,
        0.9396464228630066,
        0.0,
        0.5940349102020264,
        0.6265221834182739
      ],
      [
        0.6457168459892273,
        0.7164469361305237,
        0.7271385788917542,
        0.7649129033088684,
        0.8226572871208191,
        0.6839367747306824,
        0.6629138588905334,
        0.6307218670845032,
        0.6177871823310852,
        0.71232008934021,
        0.6500718593597412,
        0.8966883420944214,
        0.5940349102020264,
        0.0,
        0.4196970760822296
      ],
      [
        0.6492704749107361,
        0.7423955202102661,
        0.735110878944397,
        0.7988797426223755,
        0.8164193034172058,
        0.7287807464599609,
        0.6721554398536682,
        0.6033219695091248,
        0.6181756258010864,
        0.7405946850776672,
        0.6289128661155701,
        0.8947545289993286,
        0.6265221834182739,
        0.4196970760822296,
        0.0
      ]
    ]
  },
  "A4_subspace_distances": {
    "tasks": [
      "task1687_sentiment140_classification",
      "task363_sst2_polarity_classification",
      "task875_emotion_classification",
      "task073_commonsenseqa_answer_generation",
      "task591_sciq_answer_generation",
      "task002_quoref_answer_generation",
      "task1290_xsum_summarization",
      "task1572_samsum_summary",
      "task511_reddit_tifu_long_text_summarization",
      "task181_outcome_extraction",
      "task748_glucose_reverse_cause_event_detection",
      "task1510_evalution_relation_extraction",
      "task639_multi_woz_user_utterance_generation",
      "task1590_diplomacy_text_generation",
      "task1729_personachat_generate_next"
    ],
    "k": 8,
    "geodesic": [
      [
        0.0,
        3.3119280338287354,
        2.879842519760132,
        3.7099273204803467,
        3.9973978996276855,
        3.755082607269287,
        3.6736435890197754,
        3.237799882888794,
        3.2275516986846924,
        3.8172693252563477,
        3.320566415786743,
        3.986898183822632,
        3.6303813457489014,
        3.381082057952881,
        3.279080867767334
      ],
      [
        3.3119280338287354,
        0.0,
        3.0094356536865234,
        3.828742742538452,
        3.9782307147979736,
        3.778989553451538,
        3.7950053215026855,
        3.8418664932250977,
        3.7778329849243164,
        3.879593849182129,
        3.8002090454101562,
        3.982081651687622,
        3.9583563804626465,
        3.7646327018737793,
        3.7975258827209473
      ],
      [
        2.879842519760132,
        3.0094356536865234,
        0.0,
        3.501075506210327,
        3.9126179218292236,
        3.6834826469421387,
        3.7259559631347656,
        3.497288227081299,
        3.354376792907715,
        3.743039608001709,
        3.4922192096710205,
        3.920924663543701,
        3.865819215774536,
        3.565781354904175,
        3.572275161743164
      ],
      [
        3.7099273204803467,
        3.828742742538452,
        3.501075506210327,
        0.0,
        3.6291613578796387,
        3.7122039794921875,
        3.881226062774658,
        3.740452527999878,
        3.6910879611968994,
        3.597296714782715,
        3.4570837020874023,
        3.7934467792510986,
        3.8999099731445312,
        3.8824894428253174,
        3.634554862976074
      ],
      [
        3.9973978996276855,
        3.9782307147979736,
        3.9126179218292236,
        3.6291613578796387,
        0.0,
        3.9739363193511963,
        4.038183689117432,
        4.010120868682861,
        3.989081859588623,
        3.8844170570373535,
        3.8837544918060303,
        3.8872036933898926,
        4.000901699066162,
        4.0458173751831055,
        3.921849489212036
      ],
      [
        3.755082607269287,
        3.778989553451538,
        3.6834826469421387,
        3.7122039794921875,
        3.9739363193511963,
        0.0,
        3.556825876235962,
        3.6938109397888184,
        3.5051677227020264,
        3.762620687484741,
        3.510939359664917,
        4.024454116821289,
        3.9844393730163574,
        3.68572735786438,
        3.7473196983337402
      ],
      [
        3.6736435890197754,
        3.7950053215026855,
        3.7259559631347656,
        3.881226062774658,
        4.038183689117432,
        3.556825876235962,
        0.0,
        3.5791752338409424,
        3.470411777496338,
        3.9691178798675537,
        3.6991679668426514,
        4.079717636108398,
        3.987192153930664,
        3.6326863765716553,
        3.77023983001709
      ],
      [
        3.237799882888794,
        3.8418664932250977,
        3.497288227081299,
        3.740452527999878,
        4.010120868682861,
        3.6938109397888184,
        3.5791752338409424,
        0.0,
        3.2154719829559326,
        3.8962113857269287,
        3.288912296295166,
        3.9733245372772217,
        3.530308246612549,
        3.3530282974243164,
        3.345843553543091
      ],
      [
        3.2275516986846924,
        3.7778329849243164,
        3.354376792907715,
        3.6910879611968994,
        3.989081859588623,
        3.5051677227020264,
        3.470411777496338,
        3.2154719829559326,
        0.0,
        3.8878438472747803,
        2.8604416847229004,
        3.9878697395324707,
        3.816732406616211,
        3.5451269149780273,
        3.476518392562866
      ],
      [
        3.8172693252563477,
        3.879593849182129,
        3.743039608001709,
        3.597296714782715,
        3.8844170570373535,
        3.762620687484741,
        3.9691178798675537,
        3.8962113857269287,
        3.8878438472747803,
        0.0,
        3.817690372467041,
        3.884739637374878,
        3.9801201820373535,
        3.892747640609741,
        3.9129638671875
      ],
      [
        3.320566415786743,
        3.8002090454101562,
        3.4922192096710205,
        3.4570837020874023,
        3.8837544918060303,
        3.510939359664917,
        3.6991679668426514,
        3.288912296295166,
        2.8604416847229004,
        3.817690372467041,
        0.0,
        3.9061853885650635,
        3.790005922317505,
        3.625279188156128,
        3.4804470539093018
      ],
      [
        3.986898183822632,
        3.982081651687622,
        3.920924663543701,
        3.7934467792510986,
        3.8872036933898926,
        4.024454116821289,
        4.079717636108398,
        3.9733245372772217,
        3.9878697395324707,
        3.884739637374878,
        3.9061853885650635,
        0.0,
        4.097723484039307,
        4.06138277053833,
        4.039864540100098
      ],
      [
        3.6303813457489014,
        3.9583563804626465,
        3.865819215774536,
        3.8999099731445312,
        4.000901699066162,
        3.9844393730163574,
        3.987192153930664,
        3.530308246612549,
        3.816732406616211,
        3.9801201820373535,
        3.790005922317505,
        4.097723484039307,
        0.0,
        3.620694875717163,
        3.7426435947418213
      ],
      [
        3.381082057952881,
        3.7646327018737793,
        3.565781354904175,
        3.8824894428253174,
        4.0458173751831055,
        3.68572735786438,
        3.6326863765716553,
        3.3530282974243164,
        3.5451269149780273,
        3.892747640609741,
        3.625279188156128,
        4.06138277053833,
        3.620694875717163,
        0.0,
        3.2533977031707764
      ],
      [
        3.279080867767334,
        3.7975258827209473,
        3.572275161743164,
        3.634554862976074,
        3.921849489212036,
        3.7473196983337402,
        3.77023983001709,
        3.345843553543091,
        3.476518392562866,
        3.9129638671875,
        3.4804470539093018,
        4.039864540100098,
        3.7426435947418213,
        3.2533977031707764,
        0.0
      ]
    ],
    "chordal": [
      [
        0.0,
        2.477479934692383,
        2.2872867584228516,
        2.6900317668914795,
        2.7646896839141846,
        2.709096670150757,
        2.678571939468384,
        2.4713497161865234,
        2.4852161407470703,
        2.7157070636749268,
        2.4952445030212402,
        2.7740399837493896,
        2.645263671875,
        2.5747122764587402,
        2.5006916522979736
      ],
      [
        2.477479934692383,
        0.0,
        2.3515779972076416,
        2.7213542461395264,
        2.7690374851226807,
        2.720451593399048,
        2.712411642074585,
        2.71416974067688,
        2.704235076904297,
        2.7317190170288086,
        2.703542470932007,
        2.773648977279663,
        2.763474464416504,
        2.7161667346954346,
        2.715338945388794
      ],
      [
        2.2872867584228516,
        2.3515779972076416,
        0.0,
        2.5859110355377197,
        2.7597005367279053,
        2.6797938346862793,
        2.6804628372192383,
        2.607656955718994,
        2.5479705333709717,
        2.6850099563598633,
        2.578549385070801,
        2.757347583770752,
        2.740802049636841,
        2.6442015171051025,
        2.6325206756591797
      ],
      [
        2.6900317668914795,
        2.7213542461395264,
        2.5859110355377197,
        0.0,
        2.6545543670654297,
        2.672908067703247,
        2.737429618835449,
        2.6869940757751465,
        2.6706478595733643,
        2.6369576454162598,
        2.58880352973938,
        2.700874090194702,
        2.741400718688965,
        2.722512722015381,
        2.6498124599456787
      ],
      [
        2.7646896839141846,
        2.7690374851226807,
        2.7597005367279053,
        2.6545543670654297,
        0.0,
        2.766145706176758,
