{
  "backbone": "flan-t5-large",
  "benchmark": "Long_Sequence",
  "d_model": 1024,
  "tasks_found": [
    "yelp",
    "amazon",
    "mnli",
    "cb",
    "copa",
    "qqp",
    "rte",
    "imdb",
    "sst2",
    "dbpedia",
    "agnews",
    "yahoo",
    "multirc",
    "boolq",
    "wic"
  ],
  "subspace_k": 8,
  "whitened": true,
  "A1_effective_dim": {
    "yelp": {
      "evr_k95": 678,
      "participation_ratio": 282.3200200630072,
      "effective_rank": 506.54182478731576,
      "top5_eigvals": [
        9.697138116597943,
        9.067793728149397,
        7.830504844099234,
        6.931022756566305,
        6.451465686186556
      ],
      "d": 1024,
      "n": 5000
    },
    "amazon": {
      "evr_k95": 718,
      "participation_ratio": 370.0722558653923,
      "effective_rank": 588.1251036179647,
      "top5_eigvals": [
        9.194611094162596,
        7.871180245133843,
        7.042980081219921,
        6.204003782108003,
        5.785061567432629
      ],
      "d": 1024,
      "n": 5000
    },
    "mnli": {
      "evr_k95": 690,
      "participation_ratio": 350.37834977548135,
      "effective_rank": 570.9542938097333,
      "top5_eigvals": [
        13.534996014272064,
        13.038062450338233,
        11.931366779540323,
        10.34582082721021,
        8.331553413203348
      ],
      "d": 1024,
      "n": 3000
    },
    "cb": {
      "evr_k95": 196,
      "participation_ratio": 84.97636583147057,
      "effective_rank": 156.70391873182243,
      "top5_eigvals": [
        100.42670439474418,
        58.53587230016173,
        30.63590005132024,
        28.128159950567625,
        24.424848074039595
      ],
      "d": 1024,
      "n": 250
    },
    "copa": {
      "evr_k95": 272,
      "participation_ratio": 119.3636422746524,
      "effective_rank": 208.5640465680042,
      "top5_eigvals": [
        74.6647599092056,
        42.60463118088402,
        40.06311469173834,
        32.33400754547822,
        30.43972032828602
      ],
      "d": 1024,
      "n": 400
    },
    "qqp": {
      "evr_k95": 620,
      "participation_ratio": 260.4596238437999,
      "effective_rank": 473.4612513469753,
      "top5_eigvals": [
        23.500269803243434,
        16.36548486723802,
        15.769628817818788,
        14.762066087159441,
        14.259420678842314
      ],
      "d": 1024,
      "n": 2000
    },
    "rte": {
      "evr_k95": 659,
      "participation_ratio": 379.1340251431344,
      "effective_rank": 567.938049222118,
      "top5_eigvals": [
        19.20570588407886,
        14.678951808309723,
        13.37659107287509,
        12.24896275553616,
        10.92800444185821
      ],
      "d": 1024,
      "n": 2000
    },
    "imdb": {
      "evr_k95": 612,
      "participation_ratio": 217.68198097176514,
      "effective_rank": 439.14177956067607,
      "top5_eigvals": [
        16.747191675557517,
        14.499533065379,
        12.239875374606681,
        10.07682543609706,
        9.279159054932718
      ],
      "d": 1024,
      "n": 2000
    },
    "sst2": {
      "evr_k95": 563,
      "participation_ratio": 214.84504081253425,
      "effective_rank": 405.34325094005396,
      "top5_eigvals": [
        25.034967207495097,
        21.4638118245797,
        20.145186684913003,
        17.199960507479616,
        15.587867901057322
      ],
      "d": 1024,
      "n": 2000
    },
    "dbpedia": {
      "evr_k95": 744,
      "participation_ratio": 549.777615737591,
      "effective_rank": 698.3255346701206,
      "top5_eigvals": [
        3.916350449360143,
        3.8834095705224905,
        3.8060768939302574,
        3.7938303826715467,
        3.7609935360975677
      ],
      "d": 1024,
      "n": 14000
    },
    "agnews": {
      "evr_k95": 697,
      "participation_ratio": 370.4094399116317,
      "effective_rank": 572.145884706517,
      "top5_eigvals": [
        12.546447540188993,
        12.196463521302212,
        11.893676916756402,
        11.592461784425222,
        11.000637460900288
      ],
      "d": 1024,
      "n": 4000
    },
    "yahoo": {
      "evr_k95": 814,
      "participation_ratio": 667.6598503483209,
      "effective_rank": 799.8211716635923,
      "top5_eigvals": [
        5.4030726685481225,
        5.20663066818366,
        5.181264090795256,
        5.037118671588573,
        4.975947399875871
      ],
      "d": 1024,
      "n": 10000
    },
    "multirc": {
      "evr_k95": 426,
      "participation_ratio": 193.59481485042247,
      "effective_rank": 324.47414327179575,
      "top5_eigvals": [
        23.09270902883026,
        20.66807072345291,
        18.478315830416832,
        16.35374997028446,
        15.208492018161515
      ],
      "d": 1024,
      "n": 2000
    },
    "boolq": {
      "evr_k95": 639,
      "participation_ratio": 336.1638648353668,
      "effective_rank": 527.5232342526333,
      "top5_eigvals": [
        19.09897608505118,
        18.076371228588453,
        16.243142630218365,
        14.381136103747718,
        13.339577635850977
      ],
      "d": 1024,
      "n": 2000
    },
    "wic": {
      "evr_k95": 567,
      "participation_ratio": 246.29995994963036,
      "effective_rank": 432.084081530601,
      "top5_eigvals": [
        20.324041297615558,
        17.594636771122858,
        15.983971829999597,
        13.854861135178634,
        13.013132374249762
      ],
      "d": 1024,
      "n": 2000
    }
  },
  "A2_gaussianity": {
    "yelp": {
      "excess_kurtosis_top_pcs": [
        0.16350733101675408,
        -0.6613119780035306,
        -0.6351252265775336,
        0.6794445620814162,
        0.1841005340864288,
        0.013408855434672073,
        0.05801130496677409,
        0.4462628183102675,
        0.4829466596741492,
        0.3798499610772512
      ],
      "mean_abs_kurtosis": 0.37039692312287775
    },
    "amazon": {
      "excess_kurtosis_top_pcs": [
        -1.2923185796796155,
        -0.5221512596237017,
        -0.9903761918432594,
        -0.44823021448411104,
        -0.27524589263553123,
        -0.18817642945709512,
        -0.060672433977944085,
        0.4010221173555726,
        1.9199725029384602,
        0.16571832624862548
      ],
      "mean_abs_kurtosis": 0.6263883948243916
    },
    "mnli": {
      "excess_kurtosis_top_pcs": [
        -0.24805758433311897,
        -0.3895462123147797,
        1.8278243164183863,
        -0.5175016724009636,
        -0.2648698043543205,
        0.15357247734174884,
        0.2559211786100408,
        -0.24053567661163688,
        -0.16198315661141782,
        0.38341493464091414
      ],
      "mean_abs_kurtosis": 0.4443227013637328
    },
    "cb": {
      "excess_kurtosis_top_pcs": [
        -1.5878855127727445,
        -0.09307933316823291,
        -0.4022362359780822,
        -0.31910881728717166,
        0.4047283919273834,
        0.3772793235890739,
        -0.2717290012048963,
        -0.459242598015698,
        0.16804554697561347,
        0.5963461330451372
      ],
      "mean_abs_kurtosis": 0.4679680893964034
    },
    "copa": {
      "excess_kurtosis_top_pcs": [
        -1.6117815961347162,
        -0.5169998511261951,
        -0.04314093625748505,
        -0.45693286196010563,
        -0.048849766453856525,
        -0.23706792183515235,
        0.18013530989760485,
        -0.32607759420442894,
        0.24314245381564525,
        -0.07976708513920983
      ],
      "mean_abs_kurtosis": 0.37438953768243993
    },
    "qqp": {
      "excess_kurtosis_top_pcs": [
        -0.8535765871755441,
        -0.32135180180434597,
        -0.16365862780800278,
        5.294919022184542,
        -0.43881962984980394,
        -0.4331625022297829,
        0.28366151658601835,
        -0.15068261600013289,
        0.8539718525054334,
        4.8286609019137465
      ],
      "mean_abs_kurtosis": 1.3622465058057354
    },
    "rte": {
      "excess_kurtosis_top_pcs": [
        -0.7637322909585458,
        -0.8527110519802914,
        0.031323316281327784,
        0.29634849866309576,
        0.24956533042349038,
        -0.044374511763294766,
        -0.18149335849472603,
        -0.10274866858978315,
        -0.09385973029010541,
        -0.026080757272331834
      ],
      "mean_abs_kurtosis": 0.26422375147169924
    },
    "imdb": {
      "excess_kurtosis_top_pcs": [
        -0.28704405709948944,
        -0.476483898771888,
        -0.7303054146954313,
        -0.020449261065448532,
        0.0026539098691507057,
        -0.03879720670857978,
        -0.0730737000469941,
        -0.022100535333497096,
        -0.030641402767345394,
        0.03338600398085001
      ],
      "mean_abs_kurtosis": 0.17149353903386744
    },
    "sst2": {
      "excess_kurtosis_top_pcs": [
        -1.088138105367147,
        -1.2386279923513652,
        -0.09808929637797936,
        -0.23808410750198972,
        -0.07989895985538142,
        -0.2922260022531131,
        0.39120676096040974,
        -0.13574040884520144,
        0.027516089677767308,
        0.02307623708792672
      ],
      "mean_abs_kurtosis": 0.3612603960278281
    },
    "dbpedia": {
      "excess_kurtosis_top_pcs": [
        4.119656867323141,
        5.556994328600474,
        0.1030866491645428,
        -0.43276696819077554,
        -0.49605347417083934,
        5.956668957137641,
        1.5435522753932656,
        5.92934271456015,
        3.7545877635611227,
        0.6408937676685436
      ],
      "mean_abs_kurtosis": 2.85336037657705
    },
    "agnews": {
      "excess_kurtosis_top_pcs": [
        1.3606853742377663,
        0.14148518367585483,
        1.1070288562715849,
        -0.387963449745941,
        -0.37530894389612923,
        2.2157446153723557,
        1.6550413447730437,
        0.4010548578439441,
        -0.09673959762889917,
        0.18211390012386142
      ],
      "mean_abs_kurtosis": 0.7923166123569378
    },
    "yahoo": {
      "excess_kurtosis_top_pcs": [
        -0.2404418090284084,
        1.3350630195175803,
        -0.21418605912969113,
        0.956989005346581,
        8.832556917858938,
        0.31367491756046917,
        2.4961280199969442,
        1.36957740321502,
        0.16153000710166943,
        0.4882387298632822
      ],
      "mean_abs_kurtosis": 1.6408385888618582
    },
    "multirc": {
      "excess_kurtosis_top_pcs": [
        -0.7449779876113896,
        -0.7756611027286815,
        0.0041782994990127165,
        0.018766291501040477,
        0.08613019620880058,
        1.0480681830460945,
        0.7850033943438208,
        0.36236659260486004,
        0.4928505703726551,
        -0.3334061265245505
      ],
      "mean_abs_kurtosis": 0.4651408744440905
    },
    "boolq": {
      "excess_kurtosis_top_pcs": [
        0.4926948258388273,
        -0.5874565849907305,
        -0.07833581059867312,
        0.3318200058168177,
        1.4920834388006368,
        -0.2310896140389187,
        4.876525309005425,
        1.1256283766789563,
        0.8083255311861146,
        0.8790784080847729
      ],
      "mean_abs_kurtosis": 1.0903037905039874
    },
    "wic": {
      "excess_kurtosis_top_pcs": [
        0.2073983109323123,
        -0.44484622312788336,
        -0.23547522133078935,
        -0.32390560992083106,
        -0.055066243301575835,
        0.011580621429674753,
        0.002339614241611887,
        0.83372389370862,
        0.4364913075158823,
        -0.11364956511109359
      ],
      "mean_abs_kurtosis": 0.26644766106202744
    }
  },
  "A2b_multimodality": {
    "yelp": {
      "bic_per_k": {
        "1": 643115.239538684,
        "2": 638293.229076364,
        "3": 635749.9502976822,
        "4": 634730.1159397668,
        "5": 633541.4267953597
      },
      "best_k": 5,
      "multi_modal": true,
      "n_pcs_used": 30
    },
    "amazon": {
      "bic_per_k": {
        "1": 639983.4994018773,
        "2": 631818.0255210238,
        "3": 629884.5202447233,
        "4": 627373.9868267828,
        "5": 626107.6306278793
      },
      "best_k": 5,
      "multi_modal": true,
      "n_pcs_used": 30
    },
    "mnli": {
      "bic_per_k": {
        "1": 411058.7549127881,
        "2": 408748.9283450573,
        "3": 407289.7261472414,
        "4": 406420.2459555441,
        "5": 405792.66071586165
      },
      "best_k": 5,
      "multi_modal": true,
      "n_pcs_used": 30
    },
    "cb": {
      "bic_per_k": {
        "1": 42871.86214524273,
        "2": 42769.334176738266,
        "3": 42914.62834993686,
        "4": 43117.3556194238,
        "5": 43396.705801216835
      },
      "best_k": 2,
      "multi_modal": true,
      "n_pcs_used": 30
    },
    "copa": {
      "bic_per_k": {
        "1": 70010.52137403244,
        "2": 69870.79244648293,
        "3": 70115.00469959265,
        "4": 70218.21256345995,
        "5": 70492.27859726398
      },
      "best_k": 2,
      "multi_modal": true,
      "n_pcs_used": 30
    },
    "qqp": {
      "bic_per_k": {
        "1": 296792.6445261577,
        "2": 295526.3789030416,
        "3": 294453.23665855936,
        "4": 293884.63067689934,
        "5": 292756.47660458874
      },
      "best_k": 5,
      "multi_modal": true,
      "n_pcs_used": 30
    },
    "rte": {
      "bic_per_k": {
        "1": 293705.4577305525,
        "2": 292860.7942991148,
        "3": 292713.06777198595,
        "4": 292512.0396610132,
        "5": 292489.1213106067
      },
      "best_k": 5,
      "multi_modal": true,
      "n_pcs_used": 30
    },
    "imdb": {
      "bic_per_k": {
        "1": 269832.2046081389,
        "2": 268717.42378477496,
        "3": 268726.73178123543,
        "4": 268709.63648350176,
        "5": 268359.06295114657
      },
      "best_k": 5,
      "multi_modal": true,
      "n_pcs_used": 30
    },
    "sst2": {
      "bic_per_k": {
        "1": 306985.68158092874,
        "2": 306460.56402918405,
        "3": 305779.7185746489,
        "4": 305051.06433516205,
        "5": 305112.92567928164
      },
      "best_k": 4,
      "multi_modal": true,
      "n_pcs_used": 30
    },
    "dbpedia": {
      "bic_per_k": {
        "1": 1702388.4229946877,
        "2": 1666497.3801013588,
        "3": 1600101.844074648,
        "4": 1575524.4171327746,
        "5": 1549762.4740580723
      },
      "best_k": 5,
      "multi_modal": true,
      "n_pcs_used": 30
    },
    "agnews": {
      "bic_per_k": {
        "1": 591748.0518024288,
        "2": 586953.2476918021,
        "3": 583569.7767274637,
        "4": 579668.4196899033,
        "5": 577093.084236895
      },
      "best_k": 5,
      "multi_modal": true,
      "n_pcs_used": 30
    },
    "yahoo": {
      "bic_per_k": {
        "1": 1290968.021166625,
        "2": 1276239.6920047675,
        "3": 1269441.1130613664,
        "4": 1265903.6954038118,
        "5": 1260200.2728184052
      },
      "best_k": 5,
      "multi_modal": true,
      "n_pcs_used": 30
    },
    "multirc": {
      "bic_per_k": {
        "1": 312275.9852836291,
        "2": 309443.30678753613,
        "3": 308112.81730205,
        "4": 304611.5148158189,
        "5": 302520.25832969666
      },
      "best_k": 5,
      "multi_modal": true,
      "n_pcs_used": 30
    },
    "boolq": {
      "bic_per_k": {
        "1": 306083.0580486473,
        "2": 304562.85736966075,
        "3": 303448.72809726757,
        "4": 303094.1705762596,
        "5": 302558.1628437766
      },
      "best_k": 5,
      "multi_modal": true,
      "n_pcs_used": 30
    },
    "wic": {
      "bic_per_k": {
        "1": 296285.0526957502,
        "2": 296277.48229327076,
        "3": 295646.3827736289,
        "4": 295587.2345608849,
        "5": 295647.9558055314
      },
      "best_k": 4,
      "multi_modal": true,
      "n_pcs_used": 30
    }
  },
  "A3_centroid_distances": {
    "tasks": [
      "yelp",
      "amazon",
      "mnli",
      "cb",
      "copa",
      "qqp",
      "rte",
      "imdb",
      "sst2",
      "dbpedia",
      "agnews",
      "yahoo",
      "multirc",
      "boolq",
      "wic"
    ],
    "cosine_dist": [
      [
        0.0,
        1.0786826063210557,
        1.0780633979956904,
        1.0251346995863095,
        1.026850513202269,
        1.0626897524019894,
        1.0657941235787947,
        1.0523641188656991,
        1.0607596496201062,
        1.1856427219071826,
        1.090532038261908,
        1.1491766826851575,
        1.0643428407856477,
        1.0629559806936055,
        1.0618550418594899
      ],
      [
        1.0786826063210557,
        0.0,
        1.0747973470883427,
        1.0330363270141,
        1.0282496299752837,
        1.0602359415464053,
        1.068538773327311,
        1.0372169516964915,
        1.059546510228134,
        1.1866309933747545,
        1.0903292839301362,
        1.1505658578045495,
        1.0594113619075252,
        1.063833203434361,
        1.0645202208781819
      ],
      [
        1.0780633979956904,
        1.0747973470883427,
        0.0,
        0.9905425731845612,
        1.017600210212459,
        1.0451283763060937,
        1.027908866856676,
        1.048883077872824,
        1.0503251673113685,
        1.1420861694979225,
        1.070439895051603,
        1.1140594706253828,
        1.0435729380824372,
        1.047529523401996,
        1.0444204313679526
      ],
      [
        1.0251346995863095,
        1.0330363270141,
        0.9905425731845612,
        0.0,
        1.002614207642675,
        1.017038809125491,
        0.9965856887756154,
        1.0159916655681087,
        1.0067587298591212,
        1.0396010792855115,
        1.0197983625982048,
        1.030316249964856,
        1.0068008709515208,
        1.0183930434864583,
        1.0053152511833199
      ],
      [
        1.026850513202269,
        1.0282496299752837,
        1.017600210212459,
        1.002614207642675,
        0.0,
        1.0123314553027525,
        1.0197516797287758,
        1.0151804501386061,
        1.0163207414165283,
        1.0508862624266848,
        1.023282344679306,
        1.0430656220171204,
        1.0085496775066252,
        1.013347891115085,
        1.0172468950694706
      ],
      [
        1.0626897524019894,
        1.0602359415464053,
        1.0451283763060937,
        1.017038809125491,
        1.0123314553027525,
        0.0,
        1.0283122485150935,
        1.043758457759032,
        1.0388667863416405,
        1.114289199708479,
        1.0560044878869563,
        1.0914339871555023,
        1.0368430416478358,
        1.0326323309656522,
        1.0329647014088652
      ],
      [
        1.0657941235787947,
        1.068538773327311,
        1.027908866856676,
        0.9965856887756154,
        1.0197516797287758,
        1.0283122485150935,
        0.0,
        1.0353306765816814,
        1.0353295705629715,
        1.1140527676766827,
        1.0536670708924933,
        1.098302265398376,
        1.0244667771054885,
        1.02469374781869,
        1.0399026889495584
      ],
      [
        1.0523641188656991,
        1.0372169516964915,
        1.048883077872824,
        1.0159916655681087,
        1.0151804501386061,
        1.043758457759032,
        1.0353306765816814,
        0.0,
        1.0255265953978463,
        1.1154277481865433,
        1.0542148970042706,
        1.0922012893449373,
        1.0353590360678437,
        1.0422940410612689,
        1.0368440732499296
      ],
      [
        1.0607596496201062,
        1.059546510228134,
        1.0503251673113685,
        1.0067587298591212,
        1.0163207414165283,
        1.0388667863416405,
        1.0353295705629715,
        1.0255265953978463,
        0.0,
        1.1147063038914815,
        1.0514216226588065,
        1.093451858002439,
        1.0402680125409325,
        1.0380939937392626,
        1.0369504314394327
      ],
      [
        1.1856427219071826,
        1.1866309933747545,
        1.1420861694979225,
        1.0396010792855115,
        1.0508862624266848,
        1.114289199708479,
        1.1140527676766827,
        1.1154277481865433,
        1.1147063038914815,
        0.0,
        1.1599314897391197,
        1.269950980273745,
        1.120096383368278,
        1.1165425594722465,
        1.1134020287248894
      ],
      [
        1.090532038261908,
        1.0903292839301362,
        1.070439895051603,
        1.0197983625982048,
        1.023282344679306,
        1.0560044878869563,
        1.0536670708924933,
        1.0542148970042706,
        1.0514216226588065,
        1.1599314897391197,
        0.0,
        1.1268052895359293,
        1.0547909868485714,
        1.057396221138593,
        1.0547249089188149
      ],
      [
        1.1491766826851575,
        1.1505658578045495,
        1.1140594706253828,
        1.030316249964856,
        1.0430656220171204,
        1.0914339871555023,
        1.098302265398376,
        1.0922012893449373,
        1.093451858002439,
        1.269950980273745,
        1.1268052895359293,
        0.0,
        1.0877124724592675,
        1.088579132212137,
        1.091732928259927
      ],
      [
        1.0643428407856477,
        1.0594113619075252,
        1.0435729380824372,
        1.0068008709515208,
        1.0085496775066252,
        1.0368430416478358,
        1.0244667771054885,
        1.0353590360678437,
        1.0402680125409325,
        1.120096383368278,
        1.0547909868485714,
        1.0877124724592675,
        0.0,
        1.0079835525961534,
        1.0393425219884855
      ],
      [
        1.0629559806936055,
        1.063833203434361,
        1.047529523401996,
        1.0183930434864583,
        1.013347891115085,
        1.0326323309656522,
        1.02469374781869,
        1.0422940410612689,
        1.0380939937392626,
        1.1165425594722465,
        1.057396221138593,
        1.088579132212137,
        1.0079835525961534,
        0.0,
        1.0350118480276715
      ],
      [
        1.0618550418594899,
        1.0645202208781819,
        1.0444204313679526,
        1.0053152511833199,
        1.0172468950694706,
        1.0329647014088652,
        1.0399026889495584,
        1.0368440732499296,
        1.0369504314394327,
        1.1134020287248894,
        1.0547249089188149,
        1.091732928259927,
        1.0393425219884855,
        1.0350118480276715,
        0.0
      ]
    ],
    "l2_dist": [
      [
        0.0,
        4.572260727395378,
        5.3591072380357145,
        13.817342437293844,
        11.952772113720188,
        6.1450621963682455,
        6.06393248611236,
        5.9588512609107624,
        6.146318717431696,
        3.8340628997850623,
        4.941652033473234,
        4.024990195040456,
        6.024435771393973,
        6.057960347717599,
        6.172771102102724
      ],
      [
        4.572260727395378,
        0.0,
        5.335970657868753,
        13.83509734895054,
        11.950093938664784,
        6.125374446826429,
        6.057383704454447,
        5.906385903275037,
        6.129868274940108,
        3.8140042888366916,
        4.9245676205631845,
        4.006867080984126,
        5.998198885128403,
        6.046679376516827,
        6.166366774006215
      ],
      [
        5.3591072380357145,
        5.335970657868753,
        0.0,
        13.96271072769187,
        12.238819576418257,
        6.6963296170173585,
        6.56104452680191,
        6.561983041648747,
        6.718348110790161,
        4.679613723742485,
        5.626053941546578,
        4.8370541798076925,
        6.577324509723079,
        6.623478064338029,
        6.721480559702574
      ],
      [
        13.817342437293844,
        13.83509734895054,
        13.96271072769187,
        0.0,
        17.636203755746347,
        14.400581604884737,
        14.267039733047952,
        14.327954315716406,
        14.354422645951036,
        13.557851929945715,
        13.913291650662488,
        13.61001397862791,
        14.300037393833597,
        14.369414335497698,
        14.357451629560414
      ],
      [
        11.952772113720188,
        11.950093938664784,
        12.238819576418257,
        17.636203755746347,
        0.0,
        12.594513501968335,
        12.585497464090011,
        12.530997189473842,
        12.616046659782796,
        11.66733681138574,
        12.071530412486398,
        11.735946727442906,
        12.517564233083728,
        12.556992451279948,
        12.631868787955584
      ],
      [
        6.1450621963682455,
        6.125374446826429,
        6.6963296170173585,
        14.400581604884737,
        12.594513501968335,
        0.0,
        7.238382197071085,
        7.23374817412795,
        7.35505335656921,
        5.562714237422228,
        6.377580789546669,
        5.695214649379217,
        7.238625848022865,
        7.254678635917602,
        7.35384282461882
      ],
      [
        6.06393248611236,
        6.057383704454447,
        6.56104452680191,
        14.267039733047952,
        12.585497464090011,
        7.238382197071085,
        0.0,
        7.128960836492556,
        7.2683150505628635,
        5.463722553229625,
        6.285093738546819,
        5.611916035775876,
        7.120433847773667,
        7.152163737730713,
        7.304309617932138
      ],
      [
        5.9588512609107624,
        5.906385903275037,
        6.561983041648747,
        14.327954315716406,
        12.530997189473842,
        7.23374817412795,
        7.128960836492556,
        0.0,
        7.175632888629478,
        5.387583511458355,
        6.218758526379671,
        5.524088151694799,
        7.098846020411347,
        7.154026657438582,
        7.235175420663563
      ],
      [
        6.146318717431696,
        6.129868274940108,
        6.718348110790161,
        14.354422645951036,
        12.616046659782796,
        7.35505335656921,
        7.2683150505628635,
        7.175632888629478,
        0.0,
        5.5702909081539955,
        6.370573366783859,
        5.705788066563004,
        7.2558809589768405,
        7.279122916784199,
        7.373236311752518
      ],
      [
        3.8340628997850623,
        3.8140042888366916,
        4.679613723742485,
        13.557851929945715,
        11.66733681138574,
        5.562714237422228,
        5.463722553229625,
        5.387583511458355,
        5.5702909081539955,
        0.0,
        4.188018752259686,
        3.060706608062769,
        5.433535551884546,
        5.469110276148597,
        5.594306815615834
      ],
      [
        4.941652033473234,
        4.9245676205631845,
        5.626053941546578,
        13.913291650662488,
        12.071530412486398,
        6.377580789546669,
        6.285093738546819,
        6.218758526379671,
        6.370573366783859,
        4.188018752259686,
        0.0,
        4.360585805764345,
        6.253855332828191,
        6.296912716741535,
        6.402744806624167
      ],
      [
        4.024990195040456,
        4.006867080984126,
        4.8370541798076925,
        13.61001397862791,
        11.735946727442906,
        5.695214649379217,
        5.611916035775876,
        5.524088151694799,
        5.705788066563004,
        3.060706608062769,
        4.360585805764345,
        0.0,
        5.553305053828824,
        5.595042997693762,
        5.727989579144996
      ],
      [
        6.024435771393973,
        5.998198885128403,
        6.577324509723079,
        14.300037393833597,
        12.517564233083728,
        7.238625848022865,
        7.120433847773667,
        7.098846020411347,
        7.2558809589768405,
        5.433535551884546,
        6.253855332828191,
        5.553305053828824,
        0.0,
        7.064033924095432,
        7.272687973926371
      ],
      [
        6.057960347717599,
        6.046679376516827,
        6.623478064338029,
        14.369414335497698,
        12.556992451279948,
        7.254678635917602,
        7.152163737730713,
        7.154026657438582,
        7.279122916784199,
        5.469110276148597,
        6.296912716741535,
        5.595042997693762,
        7.064033924095432,
        0.0,
        7.288227349321104
      ],
      [
        6.172771102102724,
        6.166366774006215,
        6.721480559702574,
        14.357451629560414,
        12.631868787955584,
        7.35384282461882,
        7.304309617932138,
        7.235175420663563,
        7.373236311752518,
        5.594306815615834,
        6.402744806624167,
        5.727989579144996,
        7.272687973926371,
        7.288227349321104,
        0.0
      ]
    ]
  },
  "A4_subspace_distances": {
    "tasks": [
      "yelp",
      "amazon",
      "mnli",
      "cb",
      "copa",
      "qqp",
      "rte",
      "imdb",
      "sst2",
      "dbpedia",
      "agnews",
      "yahoo",
      "multirc",
      "boolq",
      "wic"
    ],
    "k": 8,
    "geodesic": [
      [
        0.0,
        4.061350461156101,
        4.377836559697541,
        4.350316345514299,
        4.331730417439343,
        4.381489008969678,
        4.368214222800071,
        4.185973075966015,
        4.347363638714128,
        4.4206662989587775,
        4.387541654804408,
        4.39633062571854,
        4.366273645668387,
        4.365731186338029,
        4.359490419639879
      ],
      [
        4.061350461156101,
        0.0,
        4.36078067673067,
        4.338384239842908,
        4.3166640674273555,
        4.361060144035352,
        4.378591308138125,
        4.083729979623422,
        4.290254244594173,
        4.414600297341534,
        4.4020150371544435,
        4.383021373573277,
        4.36904143836181,
        4.35786168187827,
        4.364456534439452
      ],
      [
        4.377836559697541,
        4.36078067673067,
        0.0,
        3.9846875003333504,
        4.246989383703939,
        4.141197076402734,
        4.009569772195392,
        4.338682667807574,
        4.348097904054624,
        4.418071396044575,
        4.397749554198999,
        4.391365426690345,
        4.322007054684961,
        4.3347468202893795,
        4.202168885080752
      ],
      [
        4.350316345514299,
        4.338384239842908,
        3.9846875003333504,
        0.0,
        4.219497797995619,
        4.291258402928796,
        4.129617830278307,
        4.317041538928761,
        4.323160135945628,
        4.4025765109848995,
        4.377865861000677,
        4.351532571205374,
        4.185329698379645,
        4.272292422675047,
        4.244676146844291
      ],
      [
        4.331730417439343,
        4.3166640674273555,
        4.246989383703939,
        4.219497797995619,
        0.0,
        4.2731084271271556,
        4.291426570283355,
        4.337360194350224,
        4.332461218052971,
        4.412033381315574,
        4.3827745029219,
        4.367074405057346,
        4.335115579674022,
        4.282239415563127,
        4.234864080735973
      ],
      [
        4.381489008969678,
        4.361060144035352,
        4.141197076402734,
        4.291258402928796,
        4.2731084271271556,
        0.0,
        4.208317156635104,
        4.341900858472515,
        4.340014073810698,
        4.418717524819095,
        4.3863353719338996,
        4.341946779849236,
        4.351814101217758,
        4.331842963271812,
        4.264171458422128
      ],
      [
        4.368214222800071,
        4.378591308138125,
        4.009569772195392,
        4.129617830278307,
        4.291426570283355,
        4.208317156635104,
        0.0,
        4.340586207709336,
        4.368516710573579,
        4.408094056603513,
        4.327169119742612,
        4.399053965258132,
        4.215935261632114,
        4.213473599614285,
        4.324458478427935
      ],
      [
        4.185973075966015,
        4.083729979623422,
        4.338682667807574,
        4.317041538928761,
        4.337360194350224,
        4.341900858472515,
        4.340586207709336,
        0.0,
        4.1913280376424416,
        4.415939435117354,
        4.358665852402276,
        4.371515066376509,
        4.28459513659682,
        4.32214733205476,
        4.348128471511079
      ],
      [
        4.347363638714128,
        4.290254244594173,
        4.348097904054624,
        4.323160135945628,
        4.332461218052971,
        4.340014073810698,
        4.368516710573579,
        4.1913280376424416,
        0.0,
        4.420549081262293,
        4.385345412286597,
        4.400547947637086,
        4.357222537871787,
        4.359425705658022,
        4.307865320065919
      ],
      [
        4.4206662989587775,
        4.414600297341534,
        4.418071396044575,
        4.4025765109848995,
        4.412033381315574,
        4.418717524819095,
        4.408094056603513,
        4.415939435117354,
        4.420549081262293,
        0.0,
        4.422767660391233,
        4.429795414560996,
        4.422273827965474,
        4.398567520770073,
        4.4152632290889935
      ],
      [
        4.387541654804408,
        4.4020150371544435,
        4.397749554198999,
        4.377865861000677,
        4.3827745029219,
        4.3863353719338996,
        4.327169119742612,
        4.358665852402276,
        4.385345412286597,
        4.422767660391233,
        0.0,
        4.41026118073325,
        4.386376006187102,
        4.394200386899207,
        4.384850517132865
      ],
      [
        4.39633062571854,
        4.383021373573277,
        4.391365426690345,
        4.351532571205374,
        4.367074405057346,
        4.341946779849236,
        4.399053965258132,
        4.371515066376509,
        4.400547947637086,
        4.429795414560996,
        4.41026118073325,
        0.0,
        4.3995895829101315,
        4.390808206645217,
        4.402347779890877
      ],
      [
        4.366273645668387,
        4.36904143836181,
        4.322007054684961,
        4.185329698379645,
        4.335115579674022,
        4.351814101217758,
        4.215935261632114,
        4.28459513659682,
        4.357222537871787,
        4.422273827965474,
        4.386376006187102,
        4.3995895829101315,
        0.0,
        4.164980545761928,
        4.362455610511864
      ],
      [
        4.365731186338029,
        4.35786168187827,
        4.3347468202893795,
        4.272292422675047,
        4.282239415563127,
        4.331842963271812,
        4.213473599614285,
        4.32214733205476,
        4.359425705658022,
        4.398567520770073,
        4.394200386899207,
        4.390808206645217,
        4.164980545761928,
        0.0,
        4.3193907243306615
      ],
      [
        4.359490419639879,
        4.364456534439452,
        4.202168885080752,
        4.244676146844291,
        4.234864080735973,
        4.264171458422128,
        4.324458478427935,
        4.348128471511079,
        4.307865320065919,
        4.4152632290889935,
        4.384850517132865,
        4.402347779890877,
        4.362455610511864,
        4.3193907243306615,
        0.0
      ]
    ],
    "chordal": [
      [
        0.0,
        2.78535745397946,
        2.8273440330352058,
        2.826330379165537,
        2.825271446817075,
        2.8274642219554664,
        2.8270569797187535,
        2.8113549030667473,
        2.8258577535545713,
        2.828284689743621,
        2.8274928355662197,
        2.8276197441512028,
        2.8266776672257463,
        2.826743681482085,
        2.826374428438341
      ],
      [
        2.78535745397946,
        0.0,
        2.826478293360386,
        2.825546103437413,
        2.824170475914169,
        2.826813672615688,
        2.8274152239265273,
        2.790653713222191,
        2.8224521940698986,
        2.828163954378823,
        2.82802883650743,
        2.8273564708168784,
        2.827003727698294,
        2.8265368835181928,
        2.8267466485292605
      ],
      [
        2.8273440330352058,
        2.826478293360386,
        0.0,
        2.771944971683189,
        2.8179875606281306,
        2.8064801546968,
        2.782556674440254,
        2.825664116684045,
        2.8259613317078656,
        2.828267358491174,
        2.8278687597359773,
        2.827760844268425,
        2.824413796983048,
        2.825359782458561,
        2.81071982245479
      ],
      [
        2.826330379165537,
        2.825546103437413,
        2.771944971683189,
        0.0,
        2.815819581517945,
        2.8212159442204037,
        2.80394339840401,
        2.824383998500436,
        2.8246208896491636,
        2.8280128660707824,
        2.827309369072734,
        2.8260172556074163,
        2.808566990836838,
        2.8206517354135316,
        2.8184735096817324
      ],
      [
        2.825271446817075,
        2.824170475914169,
        2.8179875606281306,
        2.815819581517945,
        0.0,
        2.820378353268664,
        2.8217735915424447,
        2.8255961279857855,
        2.8249904864673714,
        2.8281493104903834,
        2.8273636036946748,
        2.8268867509163442,
        2.8254520756629486,
        2.8212907809090275,
        2.81662331309514
      ],
      [
        2.8274642219554664,
        2.826813672615688,
        2.8064801546968,
        2.8212159442204037,
        2.820378353268664,
        0.0,
        2.8129687645439043,
        2.8256137295451578,
        2.825843692640779,
        2.8282790998439316,
        2.827620394131476,
        2.825540720349053,
        2.8261864731783923,
        2.8250645076318377,
        2.8204094436067177
      ],
      [
        2.8270569797187535,
        2.8274152239265273,
        2.782556674440254,
        2.80394339840401,
        2.8217735915424447,
        2.8129687645439043,
        0.0,
        2.8258804693521347,
        2.826971141345608,
        2.8281088751428585,
        2.8242023495485626,
        2.827968584162211,
        2.813363850042904,
        2.8145081310638718,
        2.824823854404419
      ],
      [
        2.8113549030667473,
        2.790653713222191,
        2.825664116684045,
        2.824383998500436,
        2.8255961279857855,
        2.8256137295451578,
        2.8258804693521347,
        0.0,
        2.8121259242238286,
        2.8282326385259475,
        2.82638223465342,
        2.8270392694063555,
        2.8208954532584345,
        2.8239813147780977,
        2.826260820739714
      ],
      [
        2.8258577535545713,
        2.8224521940698986,
        2.8259613317078656,
        2.8246208896491636,
        2.8249904864673714,
        2.825843692640779,
        2.826971141345608,
        2.8121259242238286,
        0.0,
        2.828288444511089,
        2.8274706281295217,
        2.82786186168522,
        2.8259832994497915,
        2.8265323901020065,
        2.8235672650626404
      ],
      [
        2.828284689743621,
        2.828163954378823,
        2.828267358491174,
        2.8280128660707824,
        2.8281493104903834,
        2.8282790998439316,
        2.8281088751428585,
        2.8282326385259475,
        2.828288444511089,
        0.0,
        2.8283142740817144,
        2.828372007160004,
        2.828299674103641,
        2.827886340028289,
        2.828200053553935
      ],
      [
        2.8274928355662197,
        2.82802883650743,
        2.8278687597359773,
        2.827309369072734,
        2.8273636036946748,
        2.827620394131476,
        2.8242023495485626,
        2.82638223465342,
        2.8274706281295217,
        2.8283142740817144,
        0.0,
        2.8280797210643174,
        2.827634979562632,
        2.827749980814287,
        2.8274754276647123
      ],
      [
        2.8276197441512028,
        2.8273564708168784,
        2.827760844268425,
        2.8260172556074163,
        2.8268867509163442,
        2.825540720349053,
        2.827968584162211,
        2.8270392694063555,
        2.82786186168522,
        2.828372007160004,
        2.8280797210643174,
        0.0,
        2.827989369926947,
        2.827744842346339,
        2.82795898545259
      ],
      [
        2.8266776672257463,
        2.827003727698294,
        2.824413796983048,
        2.808566990836838,
        2.8254520756629486,
        2.8261864731783923,
