{
  "backbone": "flan-t5-xl",
  "benchmark": "SuperNI",
  "d_model": 2048,
  "tasks_found": [
    "task1687_sentiment140_classification",
    "task363_sst2_polarity_classification",
    "task875_emotion_classification",
    "task073_commonsenseqa_answer_generation",
    "task591_sciq_answer_generation",
    "task002_quoref_answer_generation",
    "task1290_xsum_summarization",
    "task1572_samsum_summary",
    "task511_reddit_tifu_long_text_summarization",
    "task181_outcome_extraction",
    "task748_glucose_reverse_cause_event_detection",
    "task1510_evalution_relation_extraction",
    "task639_multi_woz_user_utterance_generation",
    "task1590_diplomacy_text_generation",
    "task1729_personachat_generate_next"
  ],
  "subspace_k": 8,
  "whitened": false,
  "A1_effective_dim": {
    "task1687_sentiment140_classification": {
      "evr_k95": 409,
      "participation_ratio": 28.37307357788086,
      "effective_rank": 121.95182037353516,
      "top5_eigvals": [
        0.02118445374071598,
        0.015812408179044724,
        0.007525299210101366,
        0.0050171357579529285,
        0.004885271657258272
      ],
      "d": 2048,
      "n": 1000
    },
    "task363_sst2_polarity_classification": {
      "evr_k95": 333,
      "participation_ratio": 11.55402660369873,
      "effective_rank": 58.164955139160156,
      "top5_eigvals": [
        0.03452950716018677,
        0.018169531598687172,
        0.008096814155578613,
        0.005448490381240845,
        0.003787931054830551
      ],
      "d": 2048,
      "n": 1000
    },
    "task875_emotion_classification": {
      "evr_k95": 350,
      "participation_ratio": 15.152046203613281,
      "effective_rank": 78.3211669921875,
      "top5_eigvals": [
        0.03495226427912712,
        0.011934855952858925,
        0.010122617706656456,
        0.004749409854412079,
        0.003862207755446434
      ],
      "d": 2048,
      "n": 1000
    },
    "task073_commonsenseqa_answer_generation": {
      "evr_k95": 493,
      "participation_ratio": 64.11390686035156,
      "effective_rank": 222.1742401123047,
      "top5_eigvals": [
        0.012852453626692295,
        0.005624800454825163,
        0.004882990848273039,
        0.004467404913157225,
        0.0035364460200071335
      ],
      "d": 2048,
      "n": 975
    },
    "task591_sciq_answer_generation": {
      "evr_k95": 398,
      "participation_ratio": 51.06415557861328,
      "effective_rank": 148.7418975830078,
      "top5_eigvals": [
        0.03577706590294838,
        0.025293277576565742,
        0.02165176160633564,
        0.020790960639715195,
        0.018907714635133743
      ],
      "d": 2048,
      "n": 1000
    },
    "task002_quoref_answer_generation": {
      "evr_k95": 317,
      "participation_ratio": 14.686110496520996,
      "effective_rank": 72.0499038696289,
      "top5_eigvals": [
        0.08348876237869263,
        0.04437020421028137,
        0.015286048874258995,
        0.012641189619898796,
        0.010327596217393875
      ],
      "d": 2048,
      "n": 1000
    },
    "task1290_xsum_summarization": {
      "evr_k95": 398,
      "participation_ratio": 33.315467834472656,
      "effective_rank": 124.34957885742188,
      "top5_eigvals": [
        0.0559285506606102,
        0.038276638835668564,
        0.02385682612657547,
        0.018478183075785637,
        0.0162685364484787
      ],
      "d": 2048,
      "n": 1000
    },
    "task1572_samsum_summary": {
      "evr_k95": 113,
      "participation_ratio": 17.34423828125,
      "effective_rank": 52.98631286621094,
      "top5_eigvals": [
        0.05697546526789665,
        0.0201620664447546,
        0.014445186592638493,
        0.010666849091649055,
        0.008813858032226562
      ],
      "d": 2048,
      "n": 160
    },
    "task511_reddit_tifu_long_text_summarization": {
      "evr_k95": 425,
      "participation_ratio": 42.676639556884766,
      "effective_rank": 150.98138427734375,
      "top5_eigvals": [
        0.023526044562458992,
        0.012728950940072536,
        0.008106493391096592,
        0.007655185181647539,
        0.0058699846267700195
      ],
      "d": 2048,
      "n": 1000
    },
    "task181_outcome_extraction": {
      "evr_k95": 149,
      "participation_ratio": 12.597594261169434,
      "effective_rank": 42.800193786621094,
      "top5_eigvals": [
        0.013899881392717361,
        0.006971141789108515,
        0.0036569563671946526,
        0.0034007271751761436,
        0.0024712460581213236
      ],
      "d": 2048,
      "n": 338
    },
    "task748_glucose_reverse_cause_event_detection": {
      "evr_k95": 402,
      "participation_ratio": 53.88517379760742,
      "effective_rank": 159.23721313476562,
      "top5_eigvals": [
        0.009894311428070068,
        0.0065368106588721275,
        0.005839311517775059,
        0.005179859232157469,
        0.004221344366669655
      ],
      "d": 2048,
      "n": 1000
    },
    "task1510_evalution_relation_extraction": {
      "evr_k95": 117,
      "participation_ratio": 9.564653396606445,
      "effective_rank": 26.41156005859375,
      "top5_eigvals": [
        0.007430861704051495,
        0.004995068069547415,
        0.0031644271221011877,
        0.002736526308581233,
        0.001716442289762199
      ],
      "d": 2048,
      "n": 1000
    },
    "task639_multi_woz_user_utterance_generation": {
      "evr_k95": 78,
      "participation_ratio": 12.60262393951416,
      "effective_rank": 32.79023361206055,
      "top5_eigvals": [
        0.03864184767007828,
        0.01930299401283264,
        0.012047857977449894,
        0.008647947572171688,
        0.007870731875300407
      ],
      "d": 2048,
      "n": 142
    },
    "task1590_diplomacy_text_generation": {
      "evr_k95": 89,
      "participation_ratio": 12.77968978881836,
      "effective_rank": 39.990692138671875,
      "top5_eigvals": [
        0.0332191176712513,
        0.009870021604001522,
        0.005528674926608801,
        0.005226365756243467,
        0.004427190870046616
      ],
      "d": 2048,
      "n": 126
    },
    "task1729_personachat_generate_next": {
      "evr_k95": 380,
      "participation_ratio": 16.037290573120117,
      "effective_rank": 95.40747833251953,
      "top5_eigvals": [
        0.03314344212412834,
        0.00672159343957901,
        0.0047694421373307705,
        0.004130997229367495,
        0.003905056044459343
      ],
      "d": 2048,
      "n": 1000
    }
  },
  "A2_gaussianity": {
    "task1687_sentiment140_classification": {
      "excess_kurtosis_top_pcs": [
        -0.4869669661172389,
        -0.7259698118250726,
        -0.1394210125943891,
        -0.2476044204812231,
        0.4313613954396076,
        0.6986386871864716,
        -0.07357959552708992,
        4.124105707490841,
        1.3046105450936993,
        0.9368819202326257
      ],
      "mean_abs_kurtosis": 0.9169140061988259
    },
    "task363_sst2_polarity_classification": {
      "excess_kurtosis_top_pcs": [
        -1.4796891990136387,
        -0.6181990736127982,
        -0.5788785677754151,
        0.1566216166221266,
        0.11091302680452264,
        -0.1780418068216001,
        0.10852328029332359,
        0.1959091266217321,
        -0.2686519593866259,
        0.28267214869374646
      ],
      "mean_abs_kurtosis": 0.39780998056455297
    },
    "task875_emotion_classification": {
      "excess_kurtosis_top_pcs": [
        -0.3903447939271545,
        -1.0296601070616707,
        -0.815665787183891,
        -0.2106972750811953,
        0.02702760463363907,
        -0.06067786603663228,
        0.3597552918250484,
        0.1581823795924775,
        -0.14380292652426974,
        -0.1974157175912774
      ],
      "mean_abs_kurtosis": 0.3393229749457256
    },
    "task073_commonsenseqa_answer_generation": {
      "excess_kurtosis_top_pcs": [
        -1.4771189696198799,
        -0.2079258915444786,
        -0.21835415619275844,
        0.48004909957388087,
        -0.29803544544229776,
        -0.06419631270713655,
        0.3493489960723246,
        -0.1247110912832401,
        0.1812418178621833,
        -0.1299891891566678
      ],
      "mean_abs_kurtosis": 0.3530970969454848
    },
    "task591_sciq_answer_generation": {
      "excess_kurtosis_top_pcs": [
        -1.174601958598088,
        -0.17319392259560784,
        -0.37795413686513246,
        0.13556214203231587,
        0.44122072972873116,
        -0.0389211057972072,
        -0.15655471646940944,
        -0.13621346307470494,
        0.05186901739155303,
        0.49238167347293116
      ],
      "mean_abs_kurtosis": 0.3178472866025681
    },
    "task002_quoref_answer_generation": {
      "excess_kurtosis_top_pcs": [
        -1.140891012432431,
        0.10421704008304644,
        -0.36588750104041967,
        -0.2855145602955682,
        0.30946431108462447,
        0.0028885002983534136,
        0.7275579342438148,
        0.014431996932057434,
        0.29646453046421994,
        -0.07489784038967695
      ],
      "mean_abs_kurtosis": 0.33222152272642125
    },
    "task1290_xsum_summarization": {
      "excess_kurtosis_top_pcs": [
        0.33166358854340183,
        0.8360369857589056,
        0.09382889252875071,
        -0.34959782772079473,
        0.10743183811592738,
        -0.4782712828610176,
        -0.1954350633389228,
        -0.3388988537042419,
        0.2158258875676844,
        0.5616158757971301
      ],
      "mean_abs_kurtosis": 0.3508606095936777
    },
    "task1572_samsum_summary": {
      "excess_kurtosis_top_pcs": [
        -0.9697152758322161,
        -0.6636661058553766,
        0.5877803174112421,
        -0.17959796897380365,
        -0.3532059361410802,
        -0.5118565593055697,
        0.23253485620679326,
        -0.21346810874058564,
        -0.20131616296790522,
        -0.35302568001367174
      ],
      "mean_abs_kurtosis": 0.4266166971448245
    },
    "task511_reddit_tifu_long_text_summarization": {
      "excess_kurtosis_top_pcs": [
        -0.2288899748202744,
        -0.42848736114267405,
        0.11958095043420691,
        -0.18456954980877827,
        -0.25126790848990277,
        0.6571066755626713,
        0.010883161258906426,
        0.587849259851227,
        2.0439040856176165,
        -0.17591945703334577
      ],
      "mean_abs_kurtosis": 0.46884583840196037
    },
    "task181_outcome_extraction": {
      "excess_kurtosis_top_pcs": [
        0.19044063414708212,
        -0.5557668866469343,
        -0.12694365608369207,
        0.17651407926694862,
        0.46535868195712826,
        0.1487546393193795,
        0.06232315636995178,
        1.1390050956867137,
        1.9422800702053964,
        1.2064114955542475
      ],
      "mean_abs_kurtosis": 0.6013798395237474
    },
    "task748_glucose_reverse_cause_event_detection": {
      "excess_kurtosis_top_pcs": [
        -0.8018977043976774,
        -0.2670320511756423,
        -0.17769476533614936,
        -0.025026164669711193,
        0.42053163243063985,
        -0.3937603255485156,
        -0.410071607872617,
        -0.15025968347203156,
        0.018900488390073633,
        -0.31162173493611744
      ],
      "mean_abs_kurtosis": 0.2976796158229175
    },
    "task1510_evalution_relation_extraction": {
      "excess_kurtosis_top_pcs": [
        -0.9007707961953977,
        -0.9080856771576449,
        -1.3919456548693276,
        -0.6325726581116715,
        -1.2524091395262944,
        -0.41937279270071226,
        3.0921280130320863,
        0.06654308928192698,
        1.737254837842345,
        0.4534193943351168
      ],
      "mean_abs_kurtosis": 1.0854502053052524
    },
    "task639_multi_woz_user_utterance_generation": {
      "excess_kurtosis_top_pcs": [
        -0.6453781336384639,
        -0.2167683798451101,
        -0.3199240527468681,
        0.11176603624673342,
        -0.7379004542036527,
        -0.7160188998611883,
        0.10488875844419487,
        0.007357508292874293,
        0.1219913158152961,
        3.539465532373333
      ],
      "mean_abs_kurtosis": 0.6521459071467715
    },
    "task1590_diplomacy_text_generation": {
      "excess_kurtosis_top_pcs": [
        -0.44539223471977785,
        -0.6650286963431182,
        1.2493267697640418,
        4.424024851706974,
        -0.29180153850224366,
        -0.3284187206040232,
        1.4597690753054122,
        -0.4870905725059713,
        1.1626392750359722,
        0.38302840876342303
      ],
      "mean_abs_kurtosis": 1.0896520143250956
    },
    "task1729_personachat_generate_next": {
      "excess_kurtosis_top_pcs": [
        -0.639165094506343,
        -0.27080117147787464,
        -0.33708872997728534,
        0.004186966157807781,
        -0.314878810324692,
        0.07355845685118201,
        0.21093852751054776,
        0.286875395025056,
        0.07300256966397844,
        0.10123710134571651
      ],
      "mean_abs_kurtosis": 0.23117328228404835
    }
  },
  "A2b_multimodality": {
    "task1687_sentiment140_classification": {
      "bic_per_k": {
        "1": -101146.66388762573,
        "2": -102206.11595322983,
        "3": -102127.56760628187,
        "4": -102230.50310009047,
        "5": -102107.33617670859
      },
      "best_k": 4,
      "multi_modal": true,
      "n_pcs_used": 30
    },
    "task363_sst2_polarity_classification": {
      "bic_per_k": {
        "1": -109783.20076310736,
        "2": -110219.15091265079,
        "3": -110687.98517317316,
        "4": -110708.45794243195,
        "5": -110695.4866067761
      },
      "best_k": 4,
      "multi_modal": true,
      "n_pcs_used": 30
    },
    "task875_emotion_classification": {
      "bic_per_k": {
        "1": -102991.59966929571,
        "2": -103081.09166729373,
        "3": -103055.10575778616,
        "4": -103046.61889960735,
        "5": -102812.7331656549
      },
      "best_k": 2,
      "multi_modal": true,
      "n_pcs_used": 30
    },
    "task073_commonsenseqa_answer_generation": {
      "bic_per_k": {
        "1": -103237.19801380647,
        "2": -103726.60264086745,
        "3": -103646.16710964068,
        "4": -103530.70598977292,
        "5": -103678.97413387903
      },
      "best_k": 2,
      "multi_modal": true,
      "n_pcs_used": 30
    },
    "task591_sciq_answer_generation": {
      "bic_per_k": {
        "1": -63051.230445575566,
        "2": -63259.13316363116,
        "3": -63694.716947494024,
        "4": -63952.54667409126,
        "5": -63964.20450811149
      },
      "best_k": 5,
      "multi_modal": true,
      "n_pcs_used": 30
    },
    "task002_quoref_answer_generation": {
      "bic_per_k": {
        "1": -75907.82796033297,
        "2": -77075.67980137393,
        "3": -77215.97003722527,
        "4": -78290.25666220694,
        "5": -78616.46966796304
      },
      "best_k": 5,
      "multi_modal": true,
      "n_pcs_used": 30
    },
    "task1290_xsum_summarization": {
      "bic_per_k": {
        "1": -66182.68949386774,
        "2": -66338.16038048796,
        "3": -67064.61163079903,
        "4": -67424.73472316349,
        "5": -67605.97664796999
      },
      "best_k": 5,
      "multi_modal": true,
      "n_pcs_used": 30
    },
    "task1572_samsum_summary": {
      "bic_per_k": {
        "1": -12469.790976152026,
        "2": -12268.869170709597,
        "3": -12094.892171867052,
        "4": -11928.790700017566,
        "5": -11699.212220106876
      },
      "best_k": 1,
      "multi_modal": false,
      "n_pcs_used": 30
    },
    "task511_reddit_tifu_long_text_summarization": {
      "bic_per_k": {
        "1": -88601.0289497459,
        "2": -88528.32099417095,
        "3": -88431.44263787208,
        "4": -88097.1622115962,
        "5": -87991.85644992162
      },
      "best_k": 1,
      "multi_modal": false,
      "n_pcs_used": 30
    },
    "task181_outcome_extraction": {
      "bic_per_k": {
        "1": -43213.92031948786,
        "2": -43237.12069707485,
        "3": -43092.30785387875,
        "4": -42921.15317754664,
        "5": -42725.87814335383
      },
      "best_k": 2,
      "multi_modal": true,
      "n_pcs_used": 30
    },
    "task748_glucose_reverse_cause_event_detection": {
      "bic_per_k": {
        "1": -103428.51303003653,
        "2": -103130.48796585483,
        "3": -103132.89902015,
        "4": -102865.48363590277,
        "5": -102750.35471369464
      },
      "best_k": 1,
      "multi_modal": false,
      "n_pcs_used": 30
    },
    "task1510_evalution_relation_extraction": {
      "bic_per_k": {
        "1": -150960.51758191048,
        "2": -151969.5169460071,
        "3": -153823.55325442427,
        "4": -155930.7796746335,
        "5": -157241.39222006476
      },
      "best_k": 5,
      "multi_modal": true,
      "n_pcs_used": 30
    },
    "task639_multi_woz_user_utterance_generation": {
      "bic_per_k": {
        "1": -13032.297088984116,
        "2": -12971.178606834372,
        "3": -12821.18681533982,
        "4": -12614.882440689631
      },
      "best_k": 1,
      "multi_modal": false,
      "n_pcs_used": 30
    },
    "task1590_diplomacy_text_generation": {
      "bic_per_k": {
        "1": -12486.094763832603,
        "2": -12323.883248980366,
        "3": -12118.635862979741,
        "4": -11902.431923328537
      },
      "best_k": 1,
      "multi_modal": false,
      "n_pcs_used": 30
    },
    "task1729_personachat_generate_next": {
      "bic_per_k": {
        "1": -104879.76871706283,
        "2": -104863.2989953171,
        "3": -105067.4433012916,
        "4": -104804.85402308822,
        "5": -104574.51831648547
      },
      "best_k": 3,
      "multi_modal": true,
      "n_pcs_used": 30
    }
  },
  "A3_centroid_distances": {
    "tasks": [
      "task1687_sentiment140_classification",
      "task363_sst2_polarity_classification",
      "task875_emotion_classification",
      "task073_commonsenseqa_answer_generation",
      "task591_sciq_answer_generation",
      "task002_quoref_answer_generation",
      "task1290_xsum_summarization",
      "task1572_samsum_summary",
      "task511_reddit_tifu_long_text_summarization",
      "task181_outcome_extraction",
      "task748_glucose_reverse_cause_event_detection",
      "task1510_evalution_relation_extraction",
      "task639_multi_woz_user_utterance_generation",
      "task1590_diplomacy_text_generation",
      "task1729_personachat_generate_next"
    ],
    "cosine_dist": [
      [
        0.0,
        0.21828627586364746,
        0.21182376146316528,
        0.2925648093223572,
        0.46643298864364624,
        0.4634864926338196,
        0.4689396619796753,
        0.3574291467666626,
        0.41211313009262085,
        0.3768312931060791,
        0.35032618045806885,
        0.42851173877716064,
        0.4494432210922241,
        0.35233116149902344,
        0.36416834592819214
      ],
      [
        0.21828627586364746,
        0.0,
        0.2177148461341858,
        0.28480279445648193,
        0.4612187147140503,
        0.4057800769805908,
        0.43489956855773926,
        0.4295516610145569,
        0.48072123527526855,
        0.3401620388031006,
        0.37510788440704346,
        0.38325047492980957,
        0.5377272367477417,
        0.42144346237182617,
        0.46887141466140747
      ],
      [
        0.21182376146316528,
        0.2177148461341858,
        0.0,
        0.21496397256851196,
        0.4737318754196167,
        0.42829787731170654,
        0.49604636430740356,
        0.4437962770462036,
        0.47741109132766724,
        0.34614038467407227,
        0.3869416117668152,
        0.3317781686782837,
        0.5812907218933105,
        0.45314157009124756,
        0.46637672185897827
      ],
      [
        0.2925648093223572,
        0.28480279445648193,
        0.21496397256851196,
        0.0,
        0.4269833564758301,
        0.3185129165649414,
        0.4032217264175415,
        0.36881470680236816,
        0.4343240261077881,
        0.2515805959701538,
        0.29308027029037476,
        0.2923407554626465,
        0.5433278679847717,
        0.33855873346328735,
        0.3895531892776489
      ],
      [
        0.46643298864364624,
        0.4612187147140503,
        0.4737318754196167,
        0.4269833564758301,
        0.0,
        0.550615131855011,
        0.520646333694458,
        0.5640777349472046,
        0.5800104141235352,
        0.4710198640823364,
        0.500565230846405,
        0.5153558850288391,
        0.5881773233413696,
        0.5571466684341431,
        0.552325963973999
      ],
      [
        0.4634864926338196,
        0.4057800769805908,
        0.42829787731170654,
        0.3185129165649414,
        0.550615131855011,
        0.0,
        0.24633020162582397,
        0.3543292284011841,
        0.3081406354904175,
        0.25926440954208374,
        0.31327569484710693,
        0.4594447612762451,
        0.5780835151672363,
        0.3197716474533081,
        0.3745537996292114
      ],
      [
        0.4689396619796753,
        0.43489956855773926,
        0.49604636430740356,
        0.4032217264175415,
        0.520646333694458,
        0.24633020162582397,
        0.0,
        0.30546295642852783,
        0.25537925958633423,
        0.34792065620422363,
        0.3372129201889038,
        0.5100359916687012,
        0.5749607086181641,
        0.33823657035827637,
        0.36935824155807495
      ],
      [
        0.3574291467666626,
        0.4295516610145569,
        0.4437962770462036,
        0.36881470680236816,
        0.5640777349472046,
        0.3543292284011841,
        0.30546295642852783,
        0.0,
        0.2601788640022278,
        0.3499688506126404,
        0.22988080978393555,
        0.4709742069244385,
        0.46016067266464233,
        0.27248191833496094,
        0.26409828662872314
      ],
      [
        0.41211313009262085,
        0.48072123527526855,
        0.47741109132766724,
        0.4343240261077881,
        0.5800104141235352,
        0.3081406354904175,
        0.25537925958633423,
        0.2601788640022278,
        0.0,
        0.3947521448135376,
        0.29028159379959106,
        0.5560836791992188,
        0.5971693992614746,
        0.3266265392303467,
        0.33700305223464966
      ],
      [
        0.3768312931060791,
        0.3401620388031006,
        0.34614038467407227,
        0.2515805959701538,
        0.4710198640823364,
        0.25926440954208374,
        0.34792065620422363,
        0.3499688506126404,
        0.3947521448135376,
        0.0,
        0.2647501826286316,
        0.3216988444328308,
        0.5491812825202942,
        0.35714399814605713,
        0.39655184745788574
      ],
      [
        0.35032618045806885,
        0.37510788440704346,
        0.3869416117668152,
        0.29308027029037476,
        0.500565230846405,
        0.31327569484710693,
        0.3372129201889038,
        0.22988080978393555,
        0.29028159379959106,
        0.2647501826286316,
        0.0,
        0.3949693441390991,
        0.5256984829902649,
        0.3215674161911011,
        0.339070200920105
      ],
      [
        0.42851173877716064,
        0.38325047492980957,
        0.3317781686782837,
        0.2923407554626465,
        0.5153558850288391,
        0.4594447612762451,
        0.5100359916687012,
        0.4709742069244385,
        0.5560836791992188,
        0.3216988444328308,
        0.3949693441390991,
        0.0,
        0.6287466287612915,
        0.49360597133636475,
        0.5258762836456299
      ],
      [
        0.4494432210922241,
        0.5377272367477417,
        0.5812907218933105,
        0.5433278679847717,
        0.5881773233413696,
        0.5780835151672363,
        0.5749607086181641,
        0.46016067266464233,
        0.5971693992614746,
        0.5491812825202942,
        0.5256984829902649,
        0.6287466287612915,
        0.0,
        0.3315829038619995,
        0.34573209285736084
      ],
      [
        0.35233116149902344,
        0.42144346237182617,
        0.45314157009124756,
        0.33855873346328735,
        0.5571466684341431,
        0.3197716474533081,
        0.33823657035827637,
        0.27248191833496094,
        0.3266265392303467,
        0.35714399814605713,
        0.3215674161911011,
        0.49360597133636475,
        0.3315829038619995,
        0.0,
        0.1608794927597046
      ],
      [
        0.36416834592819214,
        0.46887141466140747,
        0.46637672185897827,
        0.3895531892776489,
        0.552325963973999,
        0.3745537996292114,
        0.36935824155807495,
        0.26409828662872314,
        0.33700305223464966,
        0.39655184745788574,
        0.339070200920105,
        0.5258762836456299,
        0.34573209285736084,
        0.1608794927597046,
        0.0
      ]
    ],
    "l2_dist": [
      [
        0.0,
        0.7647950649261475,
        0.7845942974090576,
        1.0872163772583008,
        1.1044878959655762,
        1.344519853591919,
        1.0809226036071777,
        0.9787635207176208,
        0.9945964217185974,
        1.1669692993164062,
        1.0507972240447998,
        1.2392911911010742,
        1.0738564729690552,
        1.0277422666549683,
        1.013607144355774
      ],
      [
        0.7647950649261475,
        0.0,
        0.7962175011634827,
        1.0746960639953613,
        1.100263237953186,
        1.2662907838821411,
        1.0432825088500977,
        1.0747941732406616,
        1.0750621557235718,
        1.1134470701217651,
        1.0875557661056519,
        1.1770035028457642,
        1.1765731573104858,
        1.124172329902649,
        1.1514137983322144
      ],
      [
        0.7845942974090576,
        0.7962175011634827,
        0.0,
        0.9516541361808777,
        1.159132719039917,
        1.3178305625915527,
        1.1617718935012817,
        1.1337742805480957,
        1.121827244758606,
        1.14056396484375,
        1.132802963256836,
        1.1174635887145996,
        1.2720755338668823,
        1.2003072500228882,
        1.1874353885650635
      ],
      [
        1.0872163772583008,
        1.0746960639953613,
        0.9516541361808777,
        0.0,
        1.2829924821853638,
        1.2294678688049316,
        1.2415704727172852,
        1.2058782577514648,
        1.2748509645462036,
        1.0641332864761353,
        1.112458348274231,
        1.1466543674468994,
        1.425062894821167,
        1.1810437440872192,
        1.247563362121582
      ],
      [
        1.1044878959655762,
        1.100263237953186,
        1.159132719039917,
        1.2829924821853638,
        0.0,
        1.4481333494186401,
        1.1250665187835693,
        1.2168625593185425,
        1.161814570426941,
        1.2888575792312622,
        1.241626501083374,
        1.3443412780761719,
        1.2144811153411865,
        1.2780245542526245,
        1.2357784509658813
      ],
      [
        1.344519853591919,
        1.2662907838821411,
        1.3178305625915527,
        1.2294678688049316,
        1.4481333494186401,
        0.0,
        1.020133137702942,
        1.191292405128479,
        1.1171150207519531,
        1.0846389532089233,
        1.1545836925506592,
        1.441799521446228,
        1.4736214876174927,
        1.1555027961730957,
        1.2315678596496582
      ],
      [
        1.0809226036071777,
        1.0432825088500977,
        1.1617718935012817,
        1.2415704727172852,
        1.1250665187835693,
        1.020133137702942,
        0.0,
        0.87579745054245,
        0.7487180233001709,
        1.112252950668335,
        1.0122891664505005,
        1.3204758167266846,
        1.1691021919250488,
        0.9847575426101685,
        0.9919027090072632
      ],
      [
        0.9787635207176208,
        1.0747941732406616,
        1.1337742805480957,
        1.2058782577514648,
        1.2168625593185425,
        1.191292405128479,
        0.87579745054245,
        0.0,
        0.7967347502708435,
        1.128294825553894,
        0.8578144907951355,
        1.296999216079712,
        1.0887303352355957,
        0.9067676067352295,
        0.8650509715080261
      ],
      [
        0.9945964217185974,
        1.0750621557235718,
        1.121827244758606,
        1.2748509645462036,
        1.161814570426941,
        1.1171150207519531,
        0.7487180233001709,
        0.7967347502708435,
        0.0,
        1.1689348220825195,
        0.9382776021957397,
        1.3585983514785767,
        1.1647522449493408,
        0.9584202170372009,
        0.9351112842559814
      ],
      [
        1.1669692993164062,
        1.1134470701217651,
        1.14056396484375,
        1.0641332864761353,
        1.2888575792312622,
        1.0846389532089233,
        1.112252950668335,
        1.128294825553894,
        1.1689348220825195,
        0.0,
        1.0208793878555298,
        1.1697776317596436,
        1.3775722980499268,
        1.1680253744125366,
        1.2105852365493774
      ],
      [
        1.0507972240447998,
        1.0875557661056519,
        1.132802963256836,
        1.112458348274231,
        1.241626501083374,
        1.1545836925506592,
        1.0122891664505005,
        0.8578144907951355,
        0.9382776021957397,
        1.0208793878555298,
        0.0,
        1.2434746026992798,
        1.2627315521240234,
        1.0458922386169434,
        1.0522444248199463
      ],
      [
        1.2392911911010742,
        1.1770035028457642,
        1.1174635887145996,
        1.1466543674468994,
        1.3443412780761719,
        1.441799521446228,
        1.3204758167266846,
        1.296999216079712,
        1.3585983514785767,
        1.1697776317596436,
        1.2434746026992798,
        0.0,
        1.4678746461868286,
        1.3685954809188843,
        1.3871464729309082
      ],
      [
        1.0738564729690552,
        1.1765731573104858,
        1.2720755338668823,
        1.425062894821167,
        1.2144811153411865,
        1.4736214876174927,
        1.1691021919250488,
        1.0887303352355957,
        1.1647522449493408,
        1.3775722980499268,
        1.2627315521240234,
        1.4678746461868286,
        0.0,
        0.9842014312744141,
        0.9714429378509521
      ],
      [
        1.0277422666549683,
        1.124172329902649,
        1.2003072500228882,
        1.1810437440872192,
        1.2780245542526245,
        1.1555027961730957,
        0.9847575426101685,
        0.9067676067352295,
        0.9584202170372009,
        1.1680253744125366,
        1.0458922386169434,
        1.3685954809188843,
        0.9842014312744141,
        0.0,
        0.710137128829956
      ],
      [
        1.013607144355774,
        1.1514137983322144,
        1.1874353885650635,
        1.247563362121582,
        1.2357784509658813,
        1.2315678596496582,
        0.9919027090072632,
        0.8650509715080261,
        0.9351112842559814,
        1.2105852365493774,
        1.0522444248199463,
        1.3871464729309082,
        0.9714429378509521,
        0.710137128829956,
        0.0
      ]
    ]
  },
  "A4_subspace_distances": {
    "tasks": [
      "task1687_sentiment140_classification",
      "task363_sst2_polarity_classification",
      "task875_emotion_classification",
      "task073_commonsenseqa_answer_generation",
      "task591_sciq_answer_generation",
      "task002_quoref_answer_generation",
      "task1290_xsum_summarization",
      "task1572_samsum_summary",
      "task511_reddit_tifu_long_text_summarization",
      "task181_outcome_extraction",
      "task748_glucose_reverse_cause_event_detection",
      "task1510_evalution_relation_extraction",
      "task639_multi_woz_user_utterance_generation",
      "task1590_diplomacy_text_generation",
      "task1729_personachat_generate_next"
    ],
    "k": 8,
    "geodesic": [
      [
        0.0,
        3.2940833568573,
        2.9376723766326904,
        3.682626485824585,
        4.101622581481934,
        3.8882861137390137,
        3.83361554145813,
        3.3032283782958984,
        3.5005481243133545,
        3.9292030334472656,
        3.4894309043884277,
        4.096315383911133,
        3.756412982940674,
        3.517055034637451,
        3.462129831314087
      ],
      [
        3.2940833568573,
        0.0,
        3.1003317832946777,
        3.73303484916687,
        4.044245719909668,
        3.919107675552368,
        3.896230936050415,
        3.861414670944214,
        3.9399917125701904,
        3.9266836643218994,
        3.9146547317504883,
        4.104284763336182,
        4.039222240447998,
        3.8817334175109863,
        3.830604314804077
      ],
      [
        2.9376723766326904,
        3.1003317832946777,
        0.0,
        3.473292827606201,
        4.009532451629639,
        3.88382625579834,
        3.860150098800659,
        3.5850989818573,
        3.559532880783081,
        3.8339037895202637,
        3.6417455673217773,
        3.9627866744995117,
        3.9758501052856445,
        3.7396466732025146,
        3.699540376663208
      ],
      [
        3.682626485824585,
        3.73303484916687,
        3.473292827606201,
        0.0,
        3.627574920654297,
        3.843146562576294,
        3.945051431655884,
        3.825254440307617,
        3.8168070316314697,
        3.8792693614959717,
        3.586986780166626,
        3.8752248287200928,
        4.037425994873047,
        3.9511799812316895,
        3.7652413845062256
      ],
      [
        4.101622581481934,
        4.044245719909668,
        4.009532451629639,
        3.627574920654297,
        0.0,
        4.073536396026611,
        4.1052751541137695,
        4.159605979919434,
        4.051883697509766,
        4.085779190063477,
        4.0146589279174805,
        4.052089214324951,
        4.103799343109131,
        4.162886619567871,
        4.0528035163879395
      ],
      [
        3.8882861137390137,
        3.919107675552368,
        3.88382625579834,
        3.843146562576294,
        4.073536396026611,
        0.0,
        3.5702545642852783,
        3.770120143890381,
        3.630000114440918,
        3.8970484733581543,
        3.7540249824523926,
        4.038290023803711,
        4.004548072814941,
        3.7684011459350586,
        3.7885055541992188
      ],
      [
        3.83361554145813,
        3.896230936050415,
        3.860150098800659,
        3.945051431655884,
        4.1052751541137695,
        3.5702545642852783,
        0.0,
        3.657099485397339,
        3.565638542175293,
        4.064927101135254,
        3.786034107208252,
        4.130431652069092,
        4.061039924621582,
        3.722986936569214,
        3.864854335784912
      ],
      [
        3.3032283782958984,
        3.861414670944214,
        3.5850989818573,
        3.825254440307617,
        4.159605979919434,
        3.770120143890381,
        3.657099485397339,
        0.0,
        3.394965648651123,
        3.970357656478882,
        3.3844985961914062,
        4.078102111816406,
        3.6272478103637695,
        3.4094772338867188,
        3.3848278522491455
      ],
      [
        3.5005481243133545,
        3.9399917125701904,
        3.559532880783081,
        3.8168070316314697,
        4.051883697509766,
        3.630000114440918,
        3.565638542175293,
        3.394965648651123,
        0.0,
        4.031349182128906,
        3.2417232990264893,
        4.132960319519043,
        3.9651706218719482,
        3.6676571369171143,
        3.6232242584228516
      ],
      [
        3.9292030334472656,
        3.9266836643218994,
        3.8339037895202637,
        3.8792693614959717,
        4.085779190063477,
        3.8970484733581543,
        4.064927101135254,
        3.970357656478882,
        4.031349182128906,
        0.0,
        3.944688320159912,
        3.961428642272949,
        4.127527236938477,
        4.049937725067139,
        4.013031005859375
      ],
      [
        3.4894309043884277,
        3.9146547317504883,
        3.6417455673217773,
        3.586986780166626,
        4.0146589279174805,
        3.7540249824523926,
        3.786034107208252,
        3.3844985961914062,
        3.2417232990264893,
        3.944688320159912,
        0.0,
        4.050564765930176,
        3.96956729888916,
        3.779813766479492,
        3.603151321411133
      ],
      [
        4.096315383911133,
        4.104284763336182,
        3.9627866744995117,
        3.8752248287200928,
        4.052089214324951,
        4.038290023803711,
        4.130431652069092,
        4.078102111816406,
        4.132960319519043,
        3.961428642272949,
        4.050564765930176,
        0.0,
        4.1787004470825195,
        4.0978546142578125,
        4.086093425750732
      ],
      [
        3.756412982940674,
        4.039222240447998,
        3.9758501052856445,
        4.037425994873047,
        4.103799343109131,
        4.004548072814941,
        4.061039924621582,
        3.6272478103637695,
        3.9651706218719482,
        4.127527236938477,
        3.96956729888916,
        4.1787004470825195,
        0.0,
        3.7351901531219482,
        3.7991373538970947
      ],
      [
        3.517055034637451,
        3.8817334175109863,
        3.7396466732025146,
        3.9511799812316895,
        4.162886619567871,
        3.7684011459350586,
        3.722986936569214,
        3.4094772338867188,
        3.6676571369171143,
        4.049937725067139,
        3.779813766479492,
        4.0978546142578125,
        3.7351901531219482,
        0.0,
        3.42173171043396
      ],
      [
        3.462129831314087,
        3.830604314804077,
        3.699540376663208,
        3.7652413845062256,
        4.0528035163879395,
        3.7885055541992188,
        3.864854335784912,
        3.3848278522491455,
        3.6232242584228516,
        4.013031005859375,
        3.603151321411133,
        4.086093425750732,
        3.7991373538970947,
        3.42173171043396,
        0.0
      ]
    ],
    "chordal": [
      [
        0.0,
        2.4773077964782715,
        2.3030474185943604,
        2.6668319702148438,
        2.7878599166870117,
        2.75032377243042,
        2.734746217727661,
        2.5100302696228027,
        2.6240193843841553,
        2.7434537410736084,
        2.590900182723999,
        2.7965779304504395,
        2.695173501968384,
        2.632094383239746,
        2.575681447982788
      ],
      [
        2.4773077964782715,
        0.0,
        2.374725341796875,
        2.683706045150757,
        2.7809557914733887,
        2.762655735015869,
        2.7575812339782715,
        2.738814115524292,
        2.760056495666504,
        2.7439656257629395,
        2.727701425552368,
        2.7917988300323486,
        2.7782959938049316,
        2.7343153953552246,
        2.72672963142395
      ],
      [
        2.3030474185943604,
        2.374725341796875,
        0.0,
        2.5932750701904297,
        2.7731714248657227,
        2.734104871749878,
        2.739241361618042,
        2.6506507396698,
        2.6522092819213867,
        2.71913480758667,
        2.6563644409179688,
        2.7561705112457275,
        2.7727081775665283,
        2.7162978649139404,
        2.686044692993164
      ],
      [
        2.6668319702148438,
        2.683706045150757,
        2.5932750701904297,
        0.0,
        2.655954122543335,
        2.7222647666931152,
        2.7638022899627686,
        2.738553524017334,
        2.7168009281158447,
        2.7442264556884766,
        2.631514072418213,
        2.733673334121704,
        2.7813944816589355,
        2.770503044128418,
        2.711322784423828
      ],
      [
        2.7878599166870117,
        2.7809557914733887,
        2.7731714248657227,
        2.655954122543335,
        0.0,
        2.787369966506958,
        2.796401023864746,
        2.804988145828247,
        2.7842905521392822,
        2.7937421798706055,
