{
  "backbone": "flan-t5-large",
  "benchmark": "SuperNI",
  "d_model": 1024,
  "tasks_found": [
    "task1687_sentiment140_classification",
    "task363_sst2_polarity_classification",
    "task875_emotion_classification",
    "task073_commonsenseqa_answer_generation",
    "task591_sciq_answer_generation",
    "task002_quoref_answer_generation",
    "task1290_xsum_summarization",
    "task1572_samsum_summary",
    "task511_reddit_tifu_long_text_summarization",
    "task181_outcome_extraction",
    "task748_glucose_reverse_cause_event_detection",
    "task1510_evalution_relation_extraction",
    "task639_multi_woz_user_utterance_generation",
    "task1590_diplomacy_text_generation",
    "task1729_personachat_generate_next"
  ],
  "subspace_k": 8,
  "whitened": true,
  "A1_effective_dim": {
    "task1687_sentiment140_classification": {
      "evr_k95": 484,
      "participation_ratio": 286.96124267578125,
      "effective_rank": 417.7079162597656,
      "top5_eigvals": [
        10.710203170776367,
        9.962484359741211,
        9.234268188476562,
        8.646101951599121,
        8.495607376098633
      ],
      "d": 1024,
      "n": 1000
    },
    "task363_sst2_polarity_classification": {
      "evr_k95": 456,
      "participation_ratio": 224.61253356933594,
      "effective_rank": 362.37139892578125,
      "top5_eigvals": [
        10.904679298400879,
        10.588046073913574,
        9.421199798583984,
        8.788037300109863,
        8.502361297607422
      ],
      "d": 1024,
      "n": 1000
    },
    "task875_emotion_classification": {
      "evr_k95": 445,
      "participation_ratio": 217.071044921875,
      "effective_rank": 353.14544677734375,
      "top5_eigvals": [
        10.955915451049805,
        8.821688652038574,
        8.367724418640137,
        7.36539363861084,
        7.040510177612305
      ],
      "d": 1024,
      "n": 1000
    },
    "task073_commonsenseqa_answer_generation": {
      "evr_k95": 480,
      "participation_ratio": 258.4904479980469,
      "effective_rank": 397.3022766113281,
      "top5_eigvals": [
        10.48551082611084,
        9.011061668395996,
        8.531583786010742,
        7.7795915603637695,
        7.530913829803467
      ],
      "d": 1024,
      "n": 975
    },
    "task591_sciq_answer_generation": {
      "evr_k95": 499,
      "participation_ratio": 355.44970703125,
      "effective_rank": 465.4054870605469,
      "top5_eigvals": [
        11.431586265563965,
        11.346098899841309,
        11.280752182006836,
        11.123872756958008,
        11.070868492126465
      ],
      "d": 1024,
      "n": 1000
    },
    "task002_quoref_answer_generation": {
      "evr_k95": 485,
      "participation_ratio": 333.0698547363281,
      "effective_rank": 444.4678039550781,
      "top5_eigvals": [
        11.582937240600586,
        11.345087051391602,
        10.807312965393066,
        10.647961616516113,
        10.31674861907959
      ],
      "d": 1024,
      "n": 1000
    },
    "task1290_xsum_summarization": {
      "evr_k95": 545,
      "participation_ratio": 393.0692138671875,
      "effective_rank": 511.48516845703125,
      "top5_eigvals": [
        11.638346672058105,
        11.548735618591309,
        11.331219673156738,
        11.23266887664795,
        11.216442108154297
      ],
      "d": 1024,
      "n": 1000
    },
    "task1572_samsum_summary": {
      "evr_k95": 133,
      "participation_ratio": 96.851806640625,
      "effective_rank": 124.19058990478516,
      "top5_eigvals": [
        62.0295295715332,
        40.969120025634766,
        39.11684799194336,
        35.2891960144043,
        33.01449203491211
      ],
      "d": 1024,
      "n": 160
    },
    "task511_reddit_tifu_long_text_summarization": {
      "evr_k95": 525,
      "participation_ratio": 338.3104248046875,
      "effective_rank": 469.53863525390625,
      "top5_eigvals": [
        10.587519645690918,
        9.948962211608887,
        9.231822967529297,
        9.0044584274292,
        8.821579933166504
      ],
      "d": 1024,
      "n": 1000
    },
    "task181_outcome_extraction": {
      "evr_k95": 200,
      "participation_ratio": 62.57602310180664,
      "effective_rank": 126.28353118896484,
      "top5_eigvals": [
        25.33116340637207,
        20.47705078125,
        17.888385772705078,
        16.033994674682617,
        13.118734359741211
      ],
      "d": 1024,
      "n": 338
    },
    "task748_glucose_reverse_cause_event_detection": {
      "evr_k95": 466,
      "participation_ratio": 264.388916015625,
      "effective_rank": 393.3099365234375,
      "top5_eigvals": [
        9.475400924682617,
        8.204985618591309,
        8.190032005310059,
        7.468042850494385,
        7.0372314453125
      ],
      "d": 1024,
      "n": 1000
    },
    "task1510_evalution_relation_extraction": {
      "evr_k95": 195,
      "participation_ratio": 35.03151321411133,
      "effective_rank": 83.93472290039062,
      "top5_eigvals": [
        10.221009254455566,
        9.23244571685791,
        8.812941551208496,
        8.564340591430664,
        6.46589994430542
      ],
      "d": 1024,
      "n": 1000
    },
    "task639_multi_woz_user_utterance_generation": {
      "evr_k95": 102,
      "participation_ratio": 55.124717712402344,
      "effective_rank": 82.16030883789062,
      "top5_eigvals": [
        68.5936508178711,
        64.26954650878906,
        57.26003646850586,
        47.98275375366211,
        46.36560821533203
      ],
      "d": 1024,
      "n": 142
    },
    "task1590_diplomacy_text_generation": {
      "evr_k95": 103,
      "participation_ratio": 63.44179153442383,
      "effective_rank": 89.9003677368164,
      "top5_eigvals": [
        60.004302978515625,
        36.763755798339844,
        29.510000228881836,
        27.463598251342773,
        25.486419677734375
      ],
      "d": 1024,
      "n": 126
    },
    "task1729_personachat_generate_next": {
      "evr_k95": 479,
      "participation_ratio": 262.4880676269531,
      "effective_rank": 396.6669616699219,
      "top5_eigvals": [
        11.423428535461426,
        9.415595054626465,
        9.105752944946289,
        8.61985969543457,
        8.52087116241455
      ],
      "d": 1024,
      "n": 1000
    }
  },
  "A2_gaussianity": {
    "task1687_sentiment140_classification": {
      "excess_kurtosis_top_pcs": [
        -1.284347476986825,
        -0.5453485869523935,
        47.307965365038235,
        8.925326288787765,
        -0.19751584124891775,
        12.592484685277721,
        1.7885008236651974,
        64.14282072653114,
        42.78634405397217,
        8.04405140132501
      ],
      "mean_abs_kurtosis": 18.76147052497854
    },
    "task363_sst2_polarity_classification": {
      "excess_kurtosis_top_pcs": [
        -1.4893513402229486,
        -0.48305262016936545,
        -0.28728984967366245,
        0.2208052517610013,
        -0.13696137324554236,
        -0.08864280635851962,
        0.6529319389268085,
        -0.054660312303528524,
        -0.22046157055965887,
        -0.021922061113500924
      ],
      "mean_abs_kurtosis": 0.36560791243345364
    },
    "task875_emotion_classification": {
      "excess_kurtosis_top_pcs": [
        -0.5937852950944138,
        -0.29640671869095137,
        -0.7301444588217216,
        0.33239270761846607,
        1.2284477845518138,
        1.3517678524075825,
        0.08146324665946514,
        0.03824527585336224,
        0.1415685113774532,
        0.21234223579914868
      ],
      "mean_abs_kurtosis": 0.5006564086874379
    },
    "task073_commonsenseqa_answer_generation": {
      "excess_kurtosis_top_pcs": [
        -1.379721406517162,
        -0.6543959605611356,
        0.4592775209314022,
        0.13392396499935044,
        0.0478825577879638,
        -0.08570991706306819,
        0.1779603314499063,
        -0.05324346632215704,
        0.013653542098603033,
        0.050811452129695844
      ],
      "mean_abs_kurtosis": 0.3056580119860445
    },
    "task591_sciq_answer_generation": {
      "excess_kurtosis_top_pcs": [
        -0.8716380851337209,
        -0.42930192030015,
        -0.5274538558124577,
        0.5895116940922347,
        0.2771103485651065,
        -0.16271032524759121,
        -0.13160770491187845,
        -0.25911479712266283,
        0.1999297908704336,
        0.26709273273999656
      ],
      "mean_abs_kurtosis": 0.37154712547962326
    },
    "task002_quoref_answer_generation": {
      "excess_kurtosis_top_pcs": [
        -1.304530855085985,
        0.371191037380576,
        -0.0685156733122172,
        0.41889794568789496,
        0.06403879497406262,
        0.40435907351925104,
        0.6909320503555252,
        0.31567283089072085,
        0.40091794280902127,
        0.6948114037751307
      ],
      "mean_abs_kurtosis": 0.4733867607790385
    },
    "task1290_xsum_summarization": {
      "excess_kurtosis_top_pcs": [
        1.4672139102823625,
        1.3481171060600285,
        3.0523978066833832,
        4.039982365916326,
        1.6991786849704145,
        0.31131410418984684,
        2.901059745779693,
        -0.40088303538976167,
        -0.2203153813994727,
        0.27770288287499056
      ],
      "mean_abs_kurtosis": 1.571816502354628
    },
    "task1572_samsum_summary": {
      "excess_kurtosis_top_pcs": [
        -0.8039769779205992,
        -0.46236989457848,
        0.1904282253541454,
        -0.2704700227547323,
        0.4506074300084295,
        0.2052840741235622,
        0.20397939668543064,
        -0.2209942965357894,
        0.4267749673362391,
        0.04946389167992926
      ],
      "mean_abs_kurtosis": 0.3284349176977337
    },
    "task511_reddit_tifu_long_text_summarization": {
      "excess_kurtosis_top_pcs": [
        1.115988930157135,
        -0.2187620425458947,
        -0.23374025311443658,
        -0.05650618315435407,
        -0.07784632765429444,
        -0.003398635710077258,
        0.19826430604887246,
        -0.16955551455331497,
        0.05536506400008978,
        6.602008140489811
      ],
      "mean_abs_kurtosis": 0.8731435397428282
    },
    "task181_outcome_extraction": {
      "excess_kurtosis_top_pcs": [
        -0.5703114343758324,
        -0.5637796721812589,
        -0.6352694472955069,
        0.6134114889687905,
        -0.04318479095277761,
        -0.21066900334419358,
        0.11878868109329721,
        -0.06747693728125315,
        0.07183759540760137,
        0.3652177583864993
      ],
      "mean_abs_kurtosis": 0.3259946809287011
    },
    "task748_glucose_reverse_cause_event_detection": {
      "excess_kurtosis_top_pcs": [
        -0.8105604866206302,
        -0.39519631943088784,
        -0.03836092617499798,
        -0.4949865942857823,
        0.05922355271967339,
        -0.23384814223857608,
        -0.15706429962686563,
        0.05932392632488526,
        -0.02685257079262149,
        0.06273921055074183
      ],
      "mean_abs_kurtosis": 0.2338156028765662
    },
    "task1510_evalution_relation_extraction": {
      "excess_kurtosis_top_pcs": [
        -1.4124834478652322,
        -0.7476435713086156,
        -0.32952024334984475,
        -0.6580898158808317,
        0.1852548787157624,
        0.29019477143954964,
        2.270173604100009,
        0.2431655442423346,
        0.5403703903077934,
        -0.028223924166376424
      ],
      "mean_abs_kurtosis": 0.670512019137635
    },
    "task639_multi_woz_user_utterance_generation": {
      "excess_kurtosis_top_pcs": [
        -0.5910502374051658,
        -0.0691569957567375,
        -0.32193257580301315,
        2.2314011365885262,
        -0.2145291815255277,
        0.03847428186581281,
        -0.34265808992359226,
        -0.1371687573670557,
        0.11105358712810443,
        -0.14938744486473743
      ],
      "mean_abs_kurtosis": 0.42068122882282727
    },
    "task1590_diplomacy_text_generation": {
      "excess_kurtosis_top_pcs": [
        -0.4899938519241571,
        -0.5662398641652575,
        10.368593261674562,
        6.004838409983371,
        5.141135453692906,
        -0.13686070665302852,
        0.2146980852643079,
        -0.36016645258907065,
        0.22003954400472647,
        0.10768393136558085
      ],
      "mean_abs_kurtosis": 2.361024956131697
    },
    "task1729_personachat_generate_next": {
      "excess_kurtosis_top_pcs": [
        -0.8410249928816946,
        -0.612644017822229,
        0.09567881036487513,
        0.024662954542581605,
        -0.013805775509945661,
        0.2668107910009243,
        0.09270651101663807,
        -0.08103550411225369,
        0.1659922569605201,
        0.07418208171678087
      ],
      "mean_abs_kurtosis": 0.2268543695928443
    }
  },
  "A2b_multimodality": {
    "task1687_sentiment140_classification": {
      "bic_per_k": {
        "1": 141769.77781259708,
        "2": 140884.2906382399,
        "3": 138278.48107225818,
        "4": 138297.40523840548,
        "5": 137852.956522635
      },
      "best_k": 5,
      "multi_modal": true,
      "n_pcs_used": 30
    },
    "task363_sst2_polarity_classification": {
      "bic_per_k": {
        "1": 138977.81948060205,
        "2": 138768.29296833853,
        "3": 138345.07916448332,
        "4": 138375.01992684102,
        "5": 138325.83517138733
      },
      "best_k": 5,
      "multi_modal": true,
      "n_pcs_used": 30
    },
    "task875_emotion_classification": {
      "bic_per_k": {
        "1": 134125.1064075674,
        "2": 133075.1607943608,
        "3": 133034.3638113439,
        "4": 132792.96736611772,
        "5": 133053.4808822661
      },
      "best_k": 4,
      "multi_modal": true,
      "n_pcs_used": 30
    },
    "task073_commonsenseqa_answer_generation": {
      "bic_per_k": {
        "1": 133325.63347451057,
        "2": 132892.0449657283,
        "3": 133254.82543661149,
        "4": 132902.110554802,
        "5": 132916.84846638746
      },
      "best_k": 2,
      "multi_modal": true,
      "n_pcs_used": 30
    },
    "task591_sciq_answer_generation": {
      "bic_per_k": {
        "1": 154788.01879618663,
        "2": 154605.6810312604,
        "3": 154555.49011895692,
        "4": 154407.84895174662,
        "5": 154511.58721609166
      },
      "best_k": 4,
      "multi_modal": true,
      "n_pcs_used": 30
    },
    "task002_quoref_answer_generation": {
      "bic_per_k": {
        "1": 151816.91328986656,
        "2": 150097.24547673395,
        "3": 149974.58914034136,
        "4": 149595.03587221517,
        "5": 147473.9261561234
      },
      "best_k": 5,
      "multi_modal": true,
      "n_pcs_used": 30
    },
    "task1290_xsum_summarization": {
      "bic_per_k": {
        "1": 154632.33181069657,
        "2": 152684.87799146108,
        "3": 152377.28372796843,
        "4": 151583.02619076546,
        "5": 151317.75523241961
      },
      "best_k": 5,
      "multi_modal": true,
      "n_pcs_used": 30
    },
    "task1572_samsum_summary": {
      "bic_per_k": {
        "1": 28774.809624324127,
        "2": 28955.033672073198,
        "3": 29216.056074357544,
        "4": 29359.49524703854,
        "5": 29607.010725609794
      },
      "best_k": 1,
      "multi_modal": false,
      "n_pcs_used": 30
    },
    "task511_reddit_tifu_long_text_summarization": {
      "bic_per_k": {
        "1": 144793.177150991,
        "2": 144641.06831991364,
        "3": 144880.00489942296,
        "4": 144744.2463290497,
        "5": 145044.62705981615
      },
      "best_k": 2,
      "multi_modal": true,
      "n_pcs_used": 30
    },
    "task181_outcome_extraction": {
      "bic_per_k": {
        "1": 48125.60843324429,
        "2": 48004.591239741756,
        "3": 48177.02125330129,
        "4": 48319.11705041399,
        "5": 48487.29635692545
      },
      "best_k": 2,
      "multi_modal": true,
      "n_pcs_used": 30
    },
    "task748_glucose_reverse_cause_event_detection": {
      "bic_per_k": {
        "1": 135237.8851371084,
        "2": 135252.60957028472,
        "3": 135212.22029333215,
        "4": 135419.85895991375,
        "5": 135513.5058839914
      },
      "best_k": 3,
      "multi_modal": true,
      "n_pcs_used": 30
    },
    "task1510_evalution_relation_extraction": {
      "bic_per_k": {
        "1": 110398.52087264176,
        "2": 107794.19082773071,
        "3": 106440.63354805246,
        "4": 106910.79654375701,
        "5": 102970.91118623971
      },
      "best_k": 5,
      "multi_modal": true,
      "n_pcs_used": 30
    },
    "task639_multi_woz_user_utterance_generation": {
      "bic_per_k": {
        "1": 26148.814101402397,
        "2": 26252.318422985427,
        "3": 26197.428125513077,
        "4": 26308.086328040365
      },
      "best_k": 1,
      "multi_modal": false,
      "n_pcs_used": 30
    },
    "task1590_diplomacy_text_generation": {
      "bic_per_k": {
        "1": 21495.4473858685,
        "2": 21671.90380935084,
        "3": 21811.66049997368,
        "4": 21993.659784967058
      },
      "best_k": 1,
      "multi_modal": false,
      "n_pcs_used": 30
    },
    "task1729_personachat_generate_next": {
      "bic_per_k": {
        "1": 142124.58258445206,
        "2": 142001.47236047484,
        "3": 141705.23667649826,
        "4": 141896.84985848804,
        "5": 142192.7182793242
      },
      "best_k": 3,
      "multi_modal": true,
      "n_pcs_used": 30
    }
  },
  "A3_centroid_distances": {
    "tasks": [
      "task1687_sentiment140_classification",
      "task363_sst2_polarity_classification",
      "task875_emotion_classification",
      "task073_commonsenseqa_answer_generation",
      "task591_sciq_answer_generation",
      "task002_quoref_answer_generation",
      "task1290_xsum_summarization",
      "task1572_samsum_summary",
      "task511_reddit_tifu_long_text_summarization",
      "task181_outcome_extraction",
      "task748_glucose_reverse_cause_event_detection",
      "task1510_evalution_relation_extraction",
      "task639_multi_woz_user_utterance_generation",
      "task1590_diplomacy_text_generation",
      "task1729_personachat_generate_next"
    ],
    "cosine_dist": [
      [
        0.0,
        1.0921802520751953,
        1.0921220779418945,
        1.092141032218933,
        1.0933411121368408,
        1.0937731266021729,
        1.09363853931427,
        1.0359225273132324,
        1.0925790071487427,
        1.0532835721969604,
        1.093380093574524,
        1.0932279825210571,
        1.0327600240707397,
        1.0319398641586304,
        1.0931808948516846
      ],
      [
        1.0921802520751953,
        0.0,
        1.0924084186553955,
        1.0919671058654785,
        1.0931566953659058,
        1.0932155847549438,
        1.092631220817566,
        1.0358768701553345,
        1.0937912464141846,
        1.052372694015503,
        1.093536615371704,
        1.0934185981750488,
        1.0340017080307007,
        1.0322805643081665,
        1.0937374830245972
      ],
      [
        1.0921220779418945,
        1.0924084186553955,
        0.0,
        1.0913835763931274,
        1.093095302581787,
        1.093389630317688,
        1.0937100648880005,
        1.0364782810211182,
        1.0936579704284668,
        1.0527828931808472,
        1.0934675931930542,
        1.0929867029190063,
        1.0342063903808594,
        1.0325037240982056,
        1.0934228897094727
      ],
      [
        1.092141032218933,
        1.0919671058654785,
        1.0913835763931274,
        0.0,
        1.0918673276901245,
        1.091632604598999,
        1.0924028158187866,
        1.0357873439788818,
        1.0920848846435547,
        1.051476001739502,
        1.0920616388320923,
        1.091788649559021,
        1.0339785814285278,
        1.031340479850769,
        1.0921154022216797
      ],
      [
        1.0933411121368408,
        1.0931566953659058,
        1.093095302581787,
        1.0918673276901245,
        0.0,
        1.093018651008606,
        1.0928953886032104,
        1.036049246788025,
        1.0934321880340576,
        1.0526741743087769,
        1.0932880640029907,
        1.0932334661483765,
        1.033273458480835,
        1.032323956489563,
        1.0935498476028442
      ],
      [
        1.0937731266021729,
        1.0932155847549438,
        1.093389630317688,
        1.091632604598999,
        1.093018651008606,
        0.0,
        1.0922352075576782,
        1.0365737676620483,
        1.0933998823165894,
        1.0516096353530884,
        1.0924373865127563,
        1.0934569835662842,
        1.0342565774917603,
        1.030983567237854,
        1.0931308269500732
      ],
      [
        1.09363853931427,
        1.092631220817566,
        1.0937100648880005,
        1.0924028158187866,
        1.0928953886032104,
        1.0922352075576782,
        0.0,
        1.034404993057251,
        1.0914000272750854,
        1.0530391931533813,
        1.093231201171875,
        1.0935263633728027,
        1.0330866575241089,
        1.0332539081573486,
        1.0933877229690552
      ],
      [
        1.0359225273132324,
        1.0358768701553345,
        1.0364782810211182,
        1.0357873439788818,
        1.036049246788025,
        1.0365737676620483,
        1.034404993057251,
        0.0,
        1.0350695848464966,
        1.020379900932312,
        1.0340224504470825,
        1.035979986190796,
        1.0121376514434814,
        1.010585904121399,
        1.0353401899337769
      ],
      [
        1.0925790071487427,
        1.0937912464141846,
        1.0936579704284668,
        1.0920848846435547,
        1.0934321880340576,
        1.0933998823165894,
        1.0914000272750854,
        1.0350695848464966,
        0.0,
        1.0524698495864868,
        1.0927037000656128,
        1.093392014503479,
        1.0342028141021729,
        1.030348300933838,
        1.0934832096099854
      ],
      [
        1.0532835721969604,
        1.052372694015503,
        1.0527828931808472,
        1.051476001739502,
        1.0526741743087769,
        1.0516096353530884,
        1.0530391931533813,
        1.020379900932312,
        1.0524698495864868,
        0.0,
        1.0519020557403564,
        1.0522562265396118,
        1.019016981124878,
        1.0180284976959229,
        1.0527950525283813
      ],
      [
        1.093380093574524,
        1.093536615371704,
        1.0934675931930542,
        1.0920616388320923,
        1.0932880640029907,
        1.0924373865127563,
        1.093231201171875,
        1.0340224504470825,
        1.0927037000656128,
        1.0519020557403564,
        0.0,
        1.0932533740997314,
        1.0341062545776367,
        1.0327869653701782,
        1.0930156707763672
      ],
      [
        1.0932279825210571,
        1.0934185981750488,
        1.0929867029190063,
        1.091788649559021,
        1.0932334661483765,
        1.0934569835662842,
        1.0935263633728027,
        1.035979986190796,
        1.093392014503479,
        1.0522562265396118,
        1.0932533740997314,
        0.0,
        1.0339142084121704,
        1.032515287399292,
        1.093377709388733
      ],
      [
        1.0327600240707397,
        1.0340017080307007,
        1.0342063903808594,
        1.0339785814285278,
        1.033273458480835,
        1.0342565774917603,
        1.0330866575241089,
        1.0121376514434814,
        1.0342028141021729,
        1.019016981124878,
        1.0341062545776367,
        1.0339142084121704,
        0.0,
        1.0079224109649658,
        1.0328329801559448
      ],
      [
        1.0319398641586304,
        1.0322805643081665,
        1.0325037240982056,
        1.031340479850769,
        1.032323956489563,
        1.030983567237854,
        1.0332539081573486,
        1.010585904121399,
        1.030348300933838,
        1.0180284976959229,
        1.0327869653701782,
        1.032515287399292,
        1.0079224109649658,
        0.0,
        1.025448203086853
      ],
      [
        1.0931808948516846,
        1.0937374830245972,
        1.0934228897094727,
        1.0921154022216797,
        1.0935498476028442,
        1.0931308269500732,
        1.0933877229690552,
        1.0353401899337769,
        1.0934832096099854,
        1.0527950525283813,
        1.0930156707763672,
        1.093377709388733,
        1.0328329801559448,
        1.025448203086853,
        0.0
      ]
    ],
    "l2_dist": [
      [
        0.0,
        4.83257532119751,
        4.833019733428955,
        4.868420124053955,
        4.8369550704956055,
        4.834126949310303,
        4.833151817321777,
        9.139571189880371,
        4.831209182739258,
        6.799093246459961,
        4.834147930145264,
        4.838529586791992,
        9.64725112915039,
        10.08555793762207,
        4.8335700035095215
      ],
      [
        4.83257532119751,
        0.0,
        4.834815502166748,
        4.869186878204346,
        4.837709426879883,
        4.834057331085205,
        4.832088470458984,
        9.140047073364258,
        4.835051536560059,
        6.797383785247803,
        4.835656642913818,
        4.840112686157227,
        9.651606559753418,
        10.087157249450684,
        4.835963249206543
      ],
      [
        4.833019733428955,
        4.834815502166748,
        0.0,
        4.868455410003662,
        4.838146686553955,
        4.835016250610352,
        4.835047245025635,
        9.142162322998047,
        4.835330963134766,
        6.798934459686279,
        4.83607816696167,
        4.839730262756348,
        9.65251636505127,
        10.088114738464355,
        4.835841655731201
      ],
      [
        4.868420124053955,
        4.869186878204346,
        4.868455410003662,
        0.0,
        4.870764255523682,
        4.866484642028809,
        4.867527961730957,
        9.15882682800293,
        4.867216110229492,
        6.820464134216309,
        4.868324279785156,
        4.872400760650635,
        9.669594764709473,
        10.101522445678711,
        4.868307590484619
      ],
      [
        4.8369550704956055,
        4.837709426879883,
        4.838146686553955,
        4.870764255523682,
        0.0,
        4.835434436798096,
        4.834484577178955,
        9.141524314880371,
        4.836070537567139,
        6.79951286315918,
        4.83691930770874,
        4.8415141105651855,
        9.650299072265625,
        10.08815860748291,
        4.837360858917236
      ],
      [
        4.834126949310303,
        4.834057331085205,
        4.835016250610352,
        4.866484642028809,
        4.835434436798096,
        0.0,
        4.82924222946167,
        9.14110279083252,
        4.832215785980225,
        6.793858051300049,
        4.831255912780762,
        4.838229179382324,
        9.65139389038086,
        10.082245826721191,
        4.832651615142822
      ],
      [
        4.833151817321777,
        4.832088470458984,
        4.835047245025635,
        4.867527961730957,
        4.834484577178955,
        4.82924222946167,
        0.0,
        9.134217262268066,
        4.827116966247559,
        6.797356128692627,
        4.832333564758301,
        4.837705135345459,
        9.647500991821289,
        10.088863372802734,
        4.8325419425964355
      ],
      [
        9.139571189880371,
        9.140047073364258,
        9.142162322998047,
        9.15882682800293,
        9.141524314880371,
        9.14110279083252,
        9.134217262268066,
        0.0,
        9.136427879333496,
        10.314045906066895,
        9.133890151977539,
        9.142280578613281,
        12.375923156738281,
        12.712669372558594,
        9.137786865234375
      ],
      [
        4.831209182739258,
        4.835051536560059,
        4.835330963134766,
        4.867216110229492,
        4.836070537567139,
        4.832215785980225,
        4.827116966247559,
        9.136427879333496,
        0.0,
        6.796055316925049,
        4.831566333770752,
        4.837806701660156,
        9.651090621948242,
        10.080169677734375,
        4.833151817321777
      ],
      [
        6.799093246459961,
        6.797383785247803,
        6.798934459686279,
        6.820464134216309,
        6.79951286315918,
        6.793858051300049,
        6.797356128692627,
        10.314045906066895,
        6.796055316925049,
        0.0,
        6.795304298400879,
        6.799644947052002,
        10.7685546875,
        11.160473823547363,
        6.797693729400635
      ],
      [
        4.834147930145264,
        4.835656642913818,
        4.83607816696167,
        4.868324279785156,
        4.83691930770874,
        4.831255912780762,
        4.832333564758301,
        9.133890151977539,
        4.831566333770752,
        6.795304298400879,
        0.0,
        4.838667392730713,
        9.651382446289062,
        10.088187217712402,
        4.833286762237549
      ],
      [
        4.838529586791992,
        4.840112686157227,
        4.839730262756348,
        4.872400760650635,
        4.8415141105651855,
        4.838229179382324,
        4.837705135345459,
        9.142280578613281,
        4.837806701660156,
        6.799644947052002,
        4.838667392730713,
        0.0,
        9.653162956237793,
        10.089619636535645,
        4.838804721832275
      ],
      [
        9.64725112915039,
        9.651606559753418,
        9.65251636505127,
        9.669594764709473,
        9.650299072265625,
        9.65139389038086,
        9.647500991821289,
        12.375923156738281,
        9.651090621948242,
        10.7685546875,
        9.651382446289062,
        9.653162956237793,
        0.0,
        13.071529388427734,
        9.647444725036621
      ],
      [
        10.08555793762207,
        10.087157249450684,
        10.088114738464355,
        10.101522445678711,
        10.08815860748291,
        10.082245826721191,
        10.088863372802734,
        12.712669372558594,
        10.080169677734375,
        11.160473823547363,
        10.088187217712402,
        10.089619636535645,
        13.071529388427734,
        0.0,
        10.065654754638672
      ],
      [
        4.8335700035095215,
        4.835963249206543,
        4.835841655731201,
        4.868307590484619,
        4.837360858917236,
        4.832651615142822,
        4.8325419425964355,
        9.137786865234375,
        4.833151817321777,
        6.797693729400635,
        4.833286762237549,
        4.838804721832275,
        9.647444725036621,
        10.065654754638672,
        0.0
      ]
    ]
  },
  "A4_subspace_distances": {
    "tasks": [
      "task1687_sentiment140_classification",
      "task363_sst2_polarity_classification",
      "task875_emotion_classification",
      "task073_commonsenseqa_answer_generation",
      "task591_sciq_answer_generation",
      "task002_quoref_answer_generation",
      "task1290_xsum_summarization",
      "task1572_samsum_summary",
      "task511_reddit_tifu_long_text_summarization",
      "task181_outcome_extraction",
      "task748_glucose_reverse_cause_event_detection",
      "task1510_evalution_relation_extraction",
      "task639_multi_woz_user_utterance_generation",
      "task1590_diplomacy_text_generation",
      "task1729_personachat_generate_next"
    ],
    "k": 8,
    "geodesic": [
      [
        0.0,
        4.358431816101074,
        4.305947780609131,
        4.356618881225586,
        4.423692226409912,
        4.410758018493652,
        4.422712326049805,
        4.3009257316589355,
        4.387848854064941,
        4.349563121795654,
        4.366845607757568,
        4.380146026611328,
        4.339097499847412,
        4.324056148529053,
        4.368455410003662
      ],
      [
        4.358431816101074,
        0.0,
        4.305558681488037,
        4.388603210449219,
        4.421189785003662,
        4.4033684730529785,
        4.420198917388916,
        4.371530532836914,
        4.395460605621338,
        4.332789421081543,
        4.397876739501953,
        4.369382858276367,
        4.376664638519287,
        4.349314212799072,
        4.399720668792725
      ],
      [
        4.305947780609131,
        4.305558681488037,
        0.0,
        4.338554382324219,
        4.410890579223633,
        4.4013991355896,
        4.420399188995361,
        4.344294548034668,
        4.3867292404174805,
        4.321725368499756,
        4.3450093269348145,
        4.3179497718811035,
        4.364351272583008,
        4.329461097717285,
        4.379995346069336
      ],
      [
        4.356618881225586,
        4.388603210449219,
        4.338554382324219,
        0.0,
        4.396859645843506,
        4.396326065063477,
        4.420069217681885,
        4.353057384490967,
        4.394185543060303,
        4.336097240447998,
        4.345350742340088,
        4.320291996002197,
        4.354220390319824,
        4.324437141418457,
        4.366491317749023
      ],
      [
        4.423692226409912,
        4.421189785003662,
        4.410890579223633,
        4.396859645843506,
        0.0,
        4.428907871246338,
        4.4337544441223145,
        4.415154457092285,
        4.422604560852051,
        4.380589485168457,
        4.417020797729492,
        4.397045135498047,
        4.408628940582275,
        4.408546447753906,
        4.4174323081970215
      ],
      [
        4.410758018493652,
        4.4033684730529785,
        4.4013991355896,
        4.396326065063477,
        4.428907871246338,
        0.0,
        4.426521301269531,
        4.395818710327148,
        4.411087512969971,
        4.37197732925415,
        4.384665012359619,
        4.393929481506348,
        4.397928237915039,
        4.371662616729736,
        4.4088873863220215
      ],
      [
        4.422712326049805,
        4.420198917388916,
        4.420399188995361,
        4.420069217681885,
        4.4337544441223145,
        4.426521301269531,
        0.0,
        4.40087366104126,
        4.41660213470459,
        4.402411937713623,
        4.422394752502441,
        4.416538238525391,
        4.411083221435547,
        4.391921520233154,
        4.42180061340332
      ],
      [
        4.3009257316589355,
        4.371530532836914,
        4.344294548034668,
        4.353057384490967,
        4.415154457092285,
        4.395818710327148,
        4.40087366104126,
        0.0,
        4.3372321128845215,
        4.325934410095215,
        4.288083076477051,
        4.318150997161865,
        4.2640814781188965,
        4.235116481781006,
        4.310387134552002
      ],
      [
        4.387848854064941,
        4.395460605621338,
        4.3867292404174805,
        4.394185543060303,
        4.422604560852051,
        4.411087512969971,
        4.41660213470459,
        4.3372321128845215,
        0.0,
        4.379054546356201,
        4.3074140548706055,
        4.389103889465332,
        4.367741584777832,
        4.3360161781311035,
        4.370263576507568
      ],
      [
        4.349563121795654,
        4.332789421081543,
        4.321725368499756,
        4.336097240447998,
        4.380589485168457,
        4.37197732925415,
        4.402411937713623,
        4.325934410095215,
        4.379054546356201,
        0.0,
        4.335735321044922,
        4.301582336425781,
        4.339034080505371,
        4.3076934814453125,
        4.3448686599731445
      ],
      [
        4.366845607757568,
        4.397876739501953,
        4.3450093269348145,
        4.345350742340088,
        4.417020797729492,
        4.384665012359619,
        4.422394752502441,
        4.288083076477051,
        4.3074140548706055,
        4.335735321044922,
        0.0,
        4.3640522956848145,
        4.358275890350342,
        4.351621627807617,
        4.370108127593994
      ],
      [
        4.380146026611328,
        4.369382858276367,
        4.3179497718811035,
        4.320291996002197,
        4.397045135498047,
        4.393929481506348,
        4.416538238525391,
        4.318150997161865,
        4.389103889465332,
        4.301582336425781,
        4.3640522956848145,
        0.0,
        4.356438636779785,
        4.334704875946045,
        4.360172748565674
      ],
      [
        4.339097499847412,
        4.376664638519287,
        4.364351272583008,
        4.354220390319824,
        4.408628940582275,
        4.397928237915039,
        4.411083221435547,
        4.2640814781188965,
        4.367741584777832,
        4.339034080505371,
        4.358275890350342,
        4.356438636779785,
        0.0,
        4.262423515319824,
        4.336604118347168
      ],
      [
        4.324056148529053,
        4.349314212799072,
        4.329461097717285,
        4.324437141418457,
        4.408546447753906,
        4.371662616729736,
        4.391921520233154,
        4.235116481781006,
        4.3360161781311035,
        4.3076934814453125,
        4.351621627807617,
        4.334704875946045,
        4.262423515319824,
        0.0,
        4.2437639236450195
      ],
      [
        4.368455410003662,
        4.399720668792725,
        4.379995346069336,
        4.366491317749023,
        4.4174323081970215,
        4.4088873863220215,
        4.42180061340332,
        4.310387134552002,
        4.370263576507568,
        4.3448686599731445,
        4.370108127593994,
        4.360172748565674,
        4.336604118347168,
        4.2437639236450195,
        0.0
      ]
    ],
    "chordal": [
      [
        0.0,
        2.826347827911377,
        2.823136329650879,
        2.8264236450195312,
        2.828331470489502,
        2.8281302452087402,
        2.8283095359802246,
        2.8231852054595947,
        2.8276662826538086,
        2.826119899749756,
        2.8268797397613525,
        2.8272905349731445,
        2.825488328933716,
        2.823762893676758,
        2.8269264698028564
      ],
      [
        2.826347827911377,
        0.0,
        2.8234188556671143,
        2.827629804611206,
        2.828300952911377,
        2.827965021133423,
        2.828273296356201,
        2.827049970626831,
        2.827791213989258,
        2.8249378204345703,
        2.8279013633728027,
        2.8266654014587402,
        2.827303409576416,
        2.8259072303771973,
        2.827953577041626
      ],
      [
        2.823136329650879,
        2.8234188556671143,
        0.0,
        2.8254799842834473,
        2.8281359672546387,
        2.827906370162964,
        2.8282830715179443,
        2.825965166091919,
        2.827483892440796,
        2.82444429397583,
        2.8258702754974365,
        2.8233120441436768,
        2.826824903488159,
        2.82468318939209,
        2.827256917953491
      ],
      [
        2.8264236450195312,
        2.827629804611206,
        2.8254799842834473,
        0.0,
        2.827814817428589,
        2.827866315841675,
        2.828281879425049,
        2.8262126445770264,
        2.8277533054351807,
        2.8247742652893066,
        2.8261353969573975,
        2.8243260383605957,
        2.8263590335845947,
        2.8248496055603027,
        2.826810121536255
      ],
      [
        2.828331470489502,
        2.828300952911377,
        2.8281359672546387,
        2.827814817428589,
        0.0,
        2.8283698558807373,
        2.828404664993286,
        2.828190803527832,
        2.828324556350708,
        2.8272030353546143,
        2.828256130218506,
        2.8278255462646484,
        2.828120231628418,
        2.8280882835388184,
        2.8282310962677
      ],
      [
        2.8281302452087402,
        2.827965021133423,
        2.827906370162964,
        2.827866315841675,
        2.8283698558807373,
        0.0,
        2.82834792137146,
        2.8277945518493652,
        2.8281352519989014,
        2.827016830444336,
        2.8274505138397217,
        2.8278231620788574,
        2.8278515338897705,
        2.8270111083984375,
        2.8281240463256836
      ],
      [
        2.8283095359802246,
        2.828273296356201,
        2.8282830715179443,
