{
  "backbone": "flan-t5-large",
  "benchmark": "Long_Sequence",
  "d_model": 1024,
  "tasks_found": [
    "yelp",
    "amazon",
    "mnli",
    "cb",
    "copa",
    "qqp",
    "rte",
    "imdb",
    "sst2",
    "dbpedia",
    "agnews",
    "yahoo",
    "multirc",
    "boolq",
    "wic"
  ],
  "subspace_k": 8,
  "whitened": false,
  "A1_effective_dim": {
    "yelp": {
      "evr_k95": 295,
      "participation_ratio": 9.870312690734863,
      "effective_rank": 47.27349853515625,
      "top5_eigvals": [
        0.03584141284227371,
        0.017218487337231636,
        0.006886940449476242,
        0.004732007160782814,
        0.004417764022946358
      ],
      "d": 1024,
      "n": 5000
    },
    "amazon": {
      "evr_k95": 367,
      "participation_ratio": 19.171422958374023,
      "effective_rank": 81.45270538330078,
      "top5_eigvals": [
        0.021734559908509254,
        0.01625829003751278,
        0.010725656524300575,
        0.005605726037174463,
        0.0037953343708068132
      ],
      "d": 1024,
      "n": 5000
    },
    "mnli": {
      "evr_k95": 434,
      "participation_ratio": 19.601978302001953,
      "effective_rank": 102.67972564697266,
      "top5_eigvals": [
        0.024824855849146843,
        0.014146056957542896,
        0.007491343189030886,
        0.005083826836198568,
        0.003952367231249809
      ],
      "d": 1024,
      "n": 3000
    },
    "cb": {
      "evr_k95": 155,
      "participation_ratio": 19.923416137695312,
      "effective_rank": 66.82707977294922,
      "top5_eigvals": [
        0.031125841662287712,
        0.02363666705787182,
        0.006401385646313429,
        0.005803737789392471,
        0.005314419977366924
      ],
      "d": 1024,
      "n": 250
    },
    "copa": {
      "evr_k95": 219,
      "participation_ratio": 50.20640563964844,
      "effective_rank": 117.48567962646484,
      "top5_eigvals": [
        0.012506277300417423,
        0.00876243319362402,
        0.008000372909009457,
        0.005980696529150009,
        0.005499955732375383
      ],
      "d": 1024,
      "n": 400
    },
    "qqp": {
      "evr_k95": 373,
      "participation_ratio": 12.793366432189941,
      "effective_rank": 79.0082778930664,
      "top5_eigvals": [
        0.04244381561875343,
        0.015037941746413708,
        0.00478738360106945,
        0.004520281217992306,
        0.004443869460374117
      ],
      "d": 1024,
      "n": 2000
    },
    "rte": {
      "evr_k95": 392,
      "participation_ratio": 17.870296478271484,
      "effective_rank": 107.83045196533203,
      "top5_eigvals": [
        0.04849192127585411,
        0.012263365089893341,
        0.007521588820964098,
        0.005689848680049181,
        0.004949373658746481
      ],
      "d": 1024,
      "n": 2000
    },
    "imdb": {
      "evr_k95": 303,
      "participation_ratio": 21.569074630737305,
      "effective_rank": 77.90348052978516,
      "top5_eigvals": [
        0.018940404057502747,
        0.01350383460521698,
        0.0077094691805541515,
        0.0065804352052509785,
        0.0045411610044538975
      ],
      "d": 1024,
      "n": 2000
    },
    "sst2": {
      "evr_k95": 326,
      "participation_ratio": 14.370798110961914,
      "effective_rank": 69.79647827148438,
      "top5_eigvals": [
        0.034647587686777115,
        0.02383430488407612,
        0.010537814348936081,
        0.004740229342132807,
        0.00451251957565546
      ],
      "d": 1024,
      "n": 2000
    },
    "dbpedia": {
      "evr_k95": 337,
      "participation_ratio": 22.301761627197266,
      "effective_rank": 82.30205535888672,
      "top5_eigvals": [
        0.03059208206832409,
        0.021653948351740837,
        0.015771159902215004,
        0.011132004670798779,
        0.010094640776515007
      ],
      "d": 1024,
      "n": 14000
    },
    "agnews": {
      "evr_k95": 414,
      "participation_ratio": 40.743865966796875,
      "effective_rank": 136.0703125,
      "top5_eigvals": [
        0.015840113162994385,
        0.015223298221826553,
        0.012439670972526073,
        0.00964395236223936,
        0.006995723582804203
      ],
      "d": 1024,
      "n": 4000
    },
    "yahoo": {
      "evr_k95": 461,
      "participation_ratio": 21.279024124145508,
      "effective_rank": 116.5054931640625,
      "top5_eigvals": [
        0.05015195161104202,
        0.0155569426715374,
        0.011427925899624825,
        0.008941381238400936,
        0.006740972865372896
      ],
      "d": 1024,
      "n": 10000
    },
    "multirc": {
      "evr_k95": 211,
      "participation_ratio": 22.575977325439453,
      "effective_rank": 73.73179626464844,
      "top5_eigvals": [
        0.029124293476343155,
        0.02552676759660244,
        0.013539833016693592,
        0.009220587089657784,
        0.006686931010335684
      ],
      "d": 1024,
      "n": 2000
    },
    "boolq": {
      "evr_k95": 368,
      "participation_ratio": 26.952938079833984,
      "effective_rank": 116.2317123413086,
      "top5_eigvals": [
        0.038162991404533386,
        0.016753902658820152,
        0.009236644022166729,
        0.009035457856953144,
        0.0062726885080337524
      ],
      "d": 1024,
      "n": 2000
    },
    "wic": {
      "evr_k95": 410,
      "participation_ratio": 36.81675720214844,
      "effective_rank": 151.06002807617188,
      "top5_eigvals": [
        0.013286751694977283,
        0.007382100913673639,
        0.004608114715665579,
        0.0036316870246082544,
        0.002697532530874014
      ],
      "d": 1024,
      "n": 2000
    }
  },
  "A2_gaussianity": {
    "yelp": {
      "excess_kurtosis_top_pcs": [
        -0.20709435602655368,
        -1.2159393034413233,
        -0.41582562128407563,
        -0.24601316272803908,
        0.2668808761535715,
        0.312269459450476,
        0.513661843221394,
        0.06575846697504595,
        0.11793681751220042,
        0.21822881185866505
      ],
      "mean_abs_kurtosis": 0.3579608718651345
    },
    "amazon": {
      "excess_kurtosis_top_pcs": [
        -0.8016812240503217,
        -1.144457179538236,
        -0.39529275371448813,
        -0.38600583559125967,
        0.32295023124218103,
        0.3510195976451067,
        0.11642366655892644,
        0.2709560479465938,
        0.11584600481460505,
        0.4134431269208423
      ],
      "mean_abs_kurtosis": 0.431807566802256
    },
    "mnli": {
      "excess_kurtosis_top_pcs": [
        -0.48951871184295515,
        -0.9555113279957514,
        0.9315817103239916,
        -0.4426694001437901,
        -0.3554514289564281,
        0.6522462691963189,
        -0.12197582230415183,
        0.11118140125312959,
        -0.09013614825270677,
        0.04833172284553244
      ],
      "mean_abs_kurtosis": 0.41986039431147565
    },
    "cb": {
      "excess_kurtosis_top_pcs": [
        -0.45250716344251085,
        -0.6437405007651571,
        -0.13659724599227863,
        2.5451992743881284,
        -0.06000596964357596,
        0.24563016570906582,
        0.6658251897152634,
        0.013812730003702978,
        -0.22323186659396788,
        -0.06159007520336335
      ],
      "mean_abs_kurtosis": 0.5048140181457014
    },
    "copa": {
      "excess_kurtosis_top_pcs": [
        -1.2474020725569932,
        -0.33232261873081814,
        -0.4428044913929803,
        -0.07141153689986002,
        -0.25867424759577595,
        -0.19523313778901752,
        -0.40355814714189053,
        0.3266091274626648,
        -0.37095762803659493,
        -0.08956377429603712
      ],
      "mean_abs_kurtosis": 0.37385367819026327
    },
    "qqp": {
      "excess_kurtosis_top_pcs": [
        -1.2111610124211138,
        0.22336341198280651,
        -0.5085905720192203,
        -0.11120240881092158,
        -0.3984872094998182,
        3.975379975050724,
        -0.1636553407664043,
        0.18760654594681547,
        0.08695408970993324,
        0.12480877586617245
      ],
      "mean_abs_kurtosis": 0.699120934207393
    },
    "rte": {
      "excess_kurtosis_top_pcs": [
        -0.4573309501608951,
        -0.5228434751715034,
        -0.43541075207272417,
        -0.43691141540134115,
        -0.24983364932708962,
        0.051102616232978626,
        0.09440828352430675,
        -0.03748310908494723,
        -0.1853901511375753,
        0.4605819398676676
      ],
      "mean_abs_kurtosis": 0.2931296341981029
    },
    "imdb": {
      "excess_kurtosis_top_pcs": [
        -0.10688284159509953,
        -0.7088724446682066,
        -0.007661230984828293,
        0.09836370733460287,
        0.06414983909017558,
        0.12064655862248452,
        0.09119828960076148,
        0.16540326264231275,
        0.02959269823750077,
        -0.023229409153157743
      ],
      "mean_abs_kurtosis": 0.141600028192913
    },
    "sst2": {
      "excess_kurtosis_top_pcs": [
        -1.0862011773633506,
        -1.4160051193276058,
        -0.4113036161526473,
        0.07862997318609377,
        0.1535612497627712,
        0.1992302660724108,
        -0.15211017033537244,
        -0.08494955903009194,
        0.417315913595667,
        0.5217601587429939
      ],
      "mean_abs_kurtosis": 0.45210672035690047
    },
    "dbpedia": {
      "excess_kurtosis_top_pcs": [
        0.4614226978302023,
        -0.31412356802812136,
        -0.2206589732924451,
        -0.6019126286873,
        -0.3829598431438104,
        0.9731939690182236,
        -0.2699847292468256,
        -0.5207003524964948,
        0.012495538890041846,
        -0.31319883755684863
      ],
      "mean_abs_kurtosis": 0.40706511381903143
    },
    "agnews": {
      "excess_kurtosis_top_pcs": [
        -0.3756326980999267,
        5.210460127141735,
        -0.6990842938229114,
        0.7656838119635001,
        0.2812356461522403,
        -0.298496664562248,
        -0.449347946063015,
        0.24241206984028363,
        0.15333947338831733,
        -0.05095420728761946
      ],
      "mean_abs_kurtosis": 0.8526646938321797
    },
    "yahoo": {
      "excess_kurtosis_top_pcs": [
        -0.5854115985416621,
        -0.15612758306671326,
        -0.18010140774091932,
        0.5262307315143007,
        -0.45054497387090375,
        0.2682722450860564,
        0.2808006492491786,
        -0.06278373451853314,
        0.29315716048940565,
        -0.08268232602201797
      ],
      "mean_abs_kurtosis": 0.2886112410099691
    },
    "multirc": {
      "excess_kurtosis_top_pcs": [
        -0.45804280634468464,
        -0.8818632414253731,
        -0.0523315629841532,
        0.17576312268116867,
        -0.027518512559533637,
        0.7456554759177956,
        -0.006759506347326916,
        0.17948712439419756,
        0.7596286898888964,
        -0.14685288266170948
      ],
      "mean_abs_kurtosis": 0.3433902925204839
    },
    "boolq": {
      "excess_kurtosis_top_pcs": [
        -0.13991419915802839,
        -1.050795710243991,
        -0.13933745944539533,
        -0.030101390412254236,
        1.018674210570036,
        -0.03334017481330287,
        -0.23906029174263033,
        -0.33637190314690235,
        0.608236593423678,
        -0.11152111164913503
      ],
      "mean_abs_kurtosis": 0.3707353044605354
    },
    "wic": {
      "excess_kurtosis_top_pcs": [
        0.17240359011036066,
        -0.2928666348200153,
        0.04752677789708226,
        -0.4986359983745903,
        -0.17622136260131027,
        0.41112259403134077,
        -0.00639551309477282,
        -0.11648528487276444,
        0.09705970574244249,
        -0.016003118183021137
      ],
      "mean_abs_kurtosis": 0.18347205797277005
    }
  },
  "A2b_multimodality": {
    "yelp": {
      "bic_per_k": {
        "1": -554667.9611704411,
        "2": -558898.7162517066,
        "3": -559880.2446282164,
        "4": -560965.9310270947,
        "5": -562599.847201935
      },
      "best_k": 5,
      "multi_modal": true,
      "n_pcs_used": 30
    },
    "amazon": {
      "bic_per_k": {
        "1": -531141.4019733309,
        "2": -534787.2510860772,
        "3": -537076.5969485312,
        "4": -538523.7176957534,
        "5": -539819.9825995524
      },
      "best_k": 5,
      "multi_modal": true,
      "n_pcs_used": 30
    },
    "mnli": {
      "bic_per_k": {
        "1": -329039.05374536646,
        "2": -330016.2037454546,
        "3": -330354.7757805019,
        "4": -331073.6997661857,
        "5": -330966.92214570055
      },
      "best_k": 4,
      "multi_modal": true,
      "n_pcs_used": 30
    },
    "cb": {
      "bic_per_k": {
        "1": -23167.696367446653,
        "2": -22991.956588633755,
        "3": -22778.95253934809,
        "4": -22566.73032799914,
        "5": -22387.740053109083
      },
      "best_k": 1,
      "multi_modal": false,
      "n_pcs_used": 30
    },
    "copa": {
      "bic_per_k": {
        "1": -37659.269408747314,
        "2": -37545.01376646758,
        "3": -37389.957285924145,
        "4": -37168.21109662605,
        "5": -36998.05107239453
      },
      "best_k": 1,
      "multi_modal": false,
      "n_pcs_used": 30
    },
    "qqp": {
      "bic_per_k": {
        "1": -208044.87152950923,
        "2": -208896.12071722592,
        "3": -209875.97551535067,
        "4": -210236.51562614544,
        "5": -210887.17297014274
      },
      "best_k": 5,
      "multi_modal": true,
      "n_pcs_used": 30
    },
    "rte": {
      "bic_per_k": {
        "1": -186093.960258923,
        "2": -186688.8803583182,
        "3": -186880.01613356135,
        "4": -186719.89621542397,
        "5": -187041.794067659
      },
      "best_k": 5,
      "multi_modal": true,
      "n_pcs_used": 30
    },
    "imdb": {
      "bic_per_k": {
        "1": -210218.270044045,
        "2": -211090.05134724354,
        "3": -210697.54813083078,
        "4": -211368.11162813244,
        "5": -211299.3017483409
      },
      "best_k": 4,
      "multi_modal": true,
      "n_pcs_used": 30
    },
    "sst2": {
      "bic_per_k": {
        "1": -205291.9883728696,
        "2": -205636.35896528192,
        "3": -206112.3621777534,
        "4": -207490.12635640212,
        "5": -207546.45740875893
      },
      "best_k": 5,
      "multi_modal": true,
      "n_pcs_used": 30
    },
    "dbpedia": {
      "bic_per_k": {
        "1": -1257630.7549561579,
        "2": -1280735.4551300267,
        "3": -1304550.7339363876,
        "4": -1315055.2277402363,
        "5": -1326093.7845965421
      },
      "best_k": 5,
      "multi_modal": true,
      "n_pcs_used": 30
    },
    "agnews": {
      "bic_per_k": {
        "1": -367029.79796551814,
        "2": -369949.7264141739,
        "3": -372742.82010772085,
        "4": -375675.07090462156,
        "5": -377370.0813327073
      },
      "best_k": 5,
      "multi_modal": true,
      "n_pcs_used": 30
    },
    "yahoo": {
      "bic_per_k": {
        "1": -874310.4754403107,
        "2": -879274.2359973822,
        "3": -883135.7522915901,
        "4": -885990.1128993457,
        "5": -889265.172224881
      },
      "best_k": 5,
      "multi_modal": true,
      "n_pcs_used": 30
    },
    "multirc": {
      "bic_per_k": {
        "1": -174487.09946588523,
        "2": -176543.84404947216,
        "3": -178726.5037428003,
        "4": -179906.21270539207,
        "5": -180492.69466177866
      },
      "best_k": 5,
      "multi_modal": true,
      "n_pcs_used": 30
    },
    "boolq": {
      "bic_per_k": {
        "1": -172828.37533289823,
        "2": -173052.84142066244,
        "3": -173861.9986560331,
        "4": -175178.44753623844,
        "5": -175985.98739405273
      },
      "best_k": 5,
      "multi_modal": true,
      "n_pcs_used": 30
    },
    "wic": {
      "bic_per_k": {
        "1": -227232.25473962966,
        "2": -227855.38312402842,
        "3": -227591.64834913236,
        "4": -227891.13341415673,
        "5": -227938.2229322783
      },
      "best_k": 5,
      "multi_modal": true,
      "n_pcs_used": 30
    }
  },
  "A3_centroid_distances": {
    "tasks": [
      "yelp",
      "amazon",
      "mnli",
      "cb",
      "copa",
      "qqp",
      "rte",
      "imdb",
      "sst2",
      "dbpedia",
      "agnews",
      "yahoo",
      "multirc",
      "boolq",
      "wic"
    ],
    "cosine_dist": [
      [
        0.0,
        0.0678180456161499,
        0.39438772201538086,
        0.34511899948120117,
        0.4941103458404541,
        0.422033429145813,
        0.32374024391174316,
        0.1367475986480713,
        0.42457157373428345,
        0.30899906158447266,
        0.4190506935119629,
        0.2159510850906372,
        0.28748905658721924,
        0.273303747177124,
        0.4750199317932129
      ],
      [
        0.0678180456161499,
        0.0,
        0.35124289989471436,
        0.3589176535606384,
        0.4520765542984009,
        0.3665647506713867,
        0.3084561228752136,
        0.14162224531173706,
        0.3428230881690979,
        0.2881171703338623,
        0.3835780620574951,
        0.20521092414855957,
        0.2999088764190674,
        0.26790279150009155,
        0.43048954010009766
      ],
      [
        0.39438772201538086,
        0.35124289989471436,
        0.0,
        0.20699727535247803,
        0.2524440288543701,
        0.15052545070648193,
        0.1714688539505005,
        0.43092983961105347,
        0.41869258880615234,
        0.40492939949035645,
        0.512678861618042,
        0.3674194812774658,
        0.37716275453567505,
        0.27108246088027954,
        0.18047887086868286
      ],
      [
        0.34511899948120117,
        0.3589176535606384,
        0.20699727535247803,
        0.0,
        0.3988463282585144,
        0.3007276654243469,
        0.15571916103363037,
        0.29638969898223877,
        0.5117584466934204,
        0.34980344772338867,
        0.48472899198532104,
        0.2657698392868042,
        0.23718512058258057,
        0.19446790218353271,
        0.32097214460372925
      ],
      [
        0.4941103458404541,
        0.4520765542984009,
        0.2524440288543701,
        0.3988463282585144,
        0.0,
        0.3045252561569214,
        0.3741821050643921,
        0.5931000709533691,
        0.4939470887184143,
        0.540244460105896,
        0.5795423984527588,
        0.5182615518569946,
        0.5137345194816589,
        0.4363054037094116,
        0.3194316029548645
      ],
      [
        0.422033429145813,
        0.3665647506713867,
        0.15052545070648193,
        0.3007276654243469,
        0.3045252561569214,
        0.0,
        0.2281252145767212,
        0.47064733505249023,
        0.4422651529312134,
        0.41833174228668213,
        0.49305564165115356,
        0.34380924701690674,
        0.45931506156921387,
        0.31249189376831055,
        0.19502580165863037
      ],
      [
        0.32374024391174316,
        0.3084561228752136,
        0.1714688539505005,
        0.15571916103363037,
        0.3741821050643921,
        0.2281252145767212,
        0.0,
        0.278134822845459,
        0.5173182487487793,
        0.291379451751709,
        0.41427361965179443,
        0.2873108983039856,
        0.19478029012680054,
        0.11228549480438232,
        0.31856226921081543
      ],
      [
        0.1367475986480713,
        0.14162224531173706,
        0.43092983961105347,
        0.29638969898223877,
        0.5931000709533691,
        0.47064733505249023,
        0.278134822845459,
        0.0,
        0.47048789262771606,
        0.25802427530288696,
        0.4024406671524048,
        0.17853450775146484,
        0.1910322904586792,
        0.20576214790344238,
        0.5231289863586426
      ],
      [
        0.42457157373428345,
        0.3428230881690979,
        0.41869258880615234,
        0.5117584466934204,
        0.4939470887184143,
        0.4422651529312134,
        0.5173182487487793,
        0.47048789262771606,
        0.0,
        0.5277115106582642,
        0.5200389623641968,
        0.4930364489555359,
        0.6752433776855469,
        0.5785882472991943,
        0.3992273807525635
      ],
      [
        0.30899906158447266,
        0.2881171703338623,
        0.40492939949035645,
        0.34980344772338867,
        0.540244460105896,
        0.41833174228668213,
        0.291379451751709,
        0.25802427530288696,
        0.5277115106582642,
        0.0,
        0.2656751871109009,
        0.17732107639312744,
        0.31055188179016113,
        0.23798269033432007,
        0.46536797285079956
      ],
      [
        0.4190506935119629,
        0.3835780620574951,
        0.512678861618042,
        0.48472899198532104,
        0.5795423984527588,
        0.49305564165115356,
        0.41427361965179443,
        0.4024406671524048,
        0.5200389623641968,
        0.2656751871109009,
        0.0,
        0.29717814922332764,
        0.510802149772644,
        0.44897425174713135,
        0.5406867265701294
      ],
      [
        0.2159510850906372,
        0.20521092414855957,
        0.3674194812774658,
        0.2657698392868042,
        0.5182615518569946,
        0.34380924701690674,
        0.2873108983039856,
        0.17853450775146484,
        0.4930364489555359,
        0.17732107639312744,
        0.29717814922332764,
        0.0,
        0.2631800174713135,
        0.20722174644470215,
        0.4317628741264343
      ],
      [
        0.28748905658721924,
        0.2999088764190674,
        0.37716275453567505,
        0.23718512058258057,
        0.5137345194816589,
        0.45931506156921387,
        0.19478029012680054,
        0.1910322904586792,
        0.6752433776855469,
        0.31055188179016113,
        0.510802149772644,
        0.2631800174713135,
        0.0,
        0.08234000205993652,
        0.5109971761703491
      ],
      [
        0.273303747177124,
        0.26790279150009155,
        0.27108246088027954,
        0.19446790218353271,
        0.4363054037094116,
        0.31249189376831055,
        0.11228549480438232,
        0.20576214790344238,
        0.5785882472991943,
        0.23798269033432007,
        0.44897425174713135,
        0.20722174644470215,
        0.08234000205993652,
        0.0,
        0.3884289860725403
      ],
      [
        0.4750199317932129,
        0.43048954010009766,
        0.18047887086868286,
        0.32097214460372925,
        0.3194316029548645,
        0.19502580165863037,
        0.31856226921081543,
        0.5231289863586426,
        0.3992273807525635,
        0.46536797285079956,
        0.5406867265701294,
        0.4317628741264343,
        0.5109971761703491,
        0.3884289860725403,
        0.0
      ]
    ],
    "l2_dist": [
      [
        0.0,
        0.24885275959968567,
        0.6469895839691162,
        0.6164671182632446,
        0.7548579573631287,
        0.6831672191619873,
        0.5532366633415222,
        0.4000585675239563,
        0.6257156133651733,
        0.5565528273582458,
        0.5806896090507507,
        0.4674972891807556,
        0.7073616981506348,
        0.5730687379837036,
        0.7057887315750122
      ],
      [
        0.24885275959968567,
        0.0,
        0.6041586399078369,
        0.6218429207801819,
        0.7155723571777344,
        0.6312936544418335,
        0.5313066840171814,
        0.407064825296402,
        0.5524054169654846,
        0.5306127071380615,
        0.5425146818161011,
        0.4510369896888733,
        0.7204388380050659,
        0.5648188591003418,
        0.6636323928833008
      ],
      [
        0.6469895839691162,
        0.6041586399078369,
        0.0,
        0.49807947874069214,
        0.5635479092597961,
        0.42659008502960205,
        0.43144893646240234,
        0.7227916121482849,
        0.6623073816299438,
        0.6717941164970398,
        0.6930409073829651,
        0.6415310502052307,
        0.7995713353157043,
        0.5876145958900452,
        0.45701900124549866
      ],
      [
        0.6164671182632446,
        0.6218429207801819,
        0.49807947874069214,
        0.0,
        0.71512371301651,
        0.6097286343574524,
        0.42087507247924805,
        0.6067789196968079,
        0.7430028915405273,
        0.634039044380188,
        0.6896736025810242,
        0.5544319748878479,
        0.6513457298278809,
        0.5030992031097412,
        0.6178570985794067
      ],
      [
        0.7548579573631287,
        0.7155723571777344,
        0.5635479092597961,
        0.71512371301651,
        0.0,
        0.6269383430480957,
        0.661632776260376,
        0.8764633536338806,
        0.7507140636444092,
        0.806154191493988,
        0.7721602320671082,
        0.791459858417511,
        0.9386877417564392,
        0.7667075395584106,
        0.6314135789871216
      ],
      [
        0.6831672191619873,
        0.6312936544418335,
        0.42659008502960205,
        0.6097286343574524,
        0.6269383430480957,
        0.0,
        0.5081062316894531,
        0.7671461701393127,
        0.6950714588165283,
        0.6957190632820129,
        0.6988044381141663,
        0.6325622797012329,
        0.8816813230514526,
        0.6387632489204407,
        0.48383647203445435
      ],
      [
        0.5532366633415222,
        0.5313066840171814,
        0.43144893646240234,
        0.42087507247924805,
        0.661632776260376,
        0.5081062316894531,
        0.0,
        0.5610783696174622,
        0.6936749815940857,
        0.5423736572265625,
        0.581080973148346,
        0.5403257012367249,
        0.609184741973877,
        0.3821115791797638,
        0.5811968445777893
      ],
      [
        0.4000585675239563,
        0.407064825296402,
        0.7227916121482849,
        0.6067789196968079,
        0.8764633536338806,
        0.7671461701393127,
        0.5610783696174622,
        0.0,
        0.7185532450675964,
        0.5493940711021423,
        0.6414769887924194,
        0.45908814668655396,
        0.5924007892608643,
        0.5197223424911499,
        0.7933971285820007
      ],
      [
        0.6257156133651733,
        0.5524054169654846,
        0.6623073816299438,
        0.7430028915405273,
        0.7507140636444092,
        0.6950714588165283,
        0.6936749815940857,
        0.7185532450675964,
        0.0,
        0.7211393117904663,
        0.6367467045783997,
        0.6993733048439026,
        1.0134179592132568,
        0.8159052133560181,
        0.6437451243400574
      ],
      [
        0.5565528273582458,
        0.5306127071380615,
        0.6717941164970398,
        0.634039044380188,
        0.806154191493988,
        0.6957190632820129,
        0.5423736572265625,
        0.5493940711021423,
        0.7211393117904663,
        0.0,
        0.49468687176704407,
        0.43455183506011963,
        0.7301951050758362,
        0.54331374168396,
        0.7169819474220276
      ],
      [
        0.5806896090507507,
        0.5425146818161011,
        0.6930409073829651,
        0.6896736025810242,
        0.7721602320671082,
        0.6988044381141663,
        0.581080973148346,
        0.6414769887924194,
        0.6367467045783997,
        0.49468687176704407,
        0.0,
        0.5225696563720703,
        0.8809682130813599,
        0.6965989470481873,
        0.705925703048706
      ],
      [
        0.4674972891807556,
        0.4510369896888733,
        0.6415310502052307,
        0.5544319748878479,
        0.791459858417511,
        0.6325622797012329,
        0.5403257012367249,
        0.45908814668655396,
        0.6993733048439026,
        0.43455183506011963,
        0.5225696563720703,
        0.0,
        0.6809235215187073,
        0.5087754130363464,
        0.692359209060669
      ],
      [
        0.7073616981506348,
        0.7204388380050659,
        0.7995713353157043,
        0.6513457298278809,
        0.9386877417564392,
        0.8816813230514526,
        0.609184741973877,
        0.5924007892608643,
        1.0134179592132568,
        0.7301951050758362,
        0.8809682130813599,
        0.6809235215187073,
        0.0,
        0.4122653305530548,
        0.9175828695297241
      ],
      [
        0.5730687379837036,
        0.5648188591003418,
        0.5876145958900452,
        0.5030992031097412,
        0.7667075395584106,
        0.6387632489204407,
        0.3821115791797638,
        0.5197223424911499,
        0.8159052133560181,
        0.54331374168396,
        0.6965989470481873,
        0.5087754130363464,
        0.4122653305530548,
        0.0,
        0.7000641226768494
      ],
      [
        0.7057887315750122,
        0.6636323928833008,
        0.45701900124549866,
        0.6178570985794067,
        0.6314135789871216,
        0.48383647203445435,
        0.5811968445777893,
        0.7933971285820007,
        0.6437451243400574,
        0.7169819474220276,
        0.705925703048706,
        0.692359209060669,
        0.9175828695297241,
        0.7000641226768494,
        0.0
      ]
    ]
  },
  "A4_subspace_distances": {
    "tasks": [
      "yelp",
      "amazon",
      "mnli",
      "cb",
      "copa",
      "qqp",
      "rte",
      "imdb",
      "sst2",
      "dbpedia",
      "agnews",
      "yahoo",
      "multirc",
      "boolq",
      "wic"
    ],
    "k": 8,
    "geodesic": [
      [
        0.0,
        2.699071168899536,
        3.466233968734741,
        3.679603338241577,
        3.6618595123291016,
        3.81577467918396,
        3.6637356281280518,
        2.8449769020080566,
        3.260958433151245,
        3.7598533630371094,
        3.712218999862671,
        3.4303553104400635,
        3.6874518394470215,
        3.669905185699463,
        3.59917950630188
      ],
      [
        2.699071168899536,
        0.0,
        3.476672887802124,
        3.7452285289764404,
        3.73307728767395,
        3.6926918029785156,
        3.712850570678711,
        2.534785032272339,
        3.027771234512329,
        3.6102993488311768,
        3.7962827682495117,
        3.2155113220214844,
        3.6995322704315186,
        3.6388401985168457,
        3.6430230140686035
      ],
      [
        3.466233968734741,
        3.476672887802124,
        0.0,
        2.699873447418213,
        3.315321445465088,
        2.9731862545013428,
        2.773716449737549,
        3.518150568008423,
        3.533196449279785,
        3.620152473449707,
        3.7480783462524414,
        3.2513632774353027,
        3.4052882194519043,
        3.211606979370117,
        2.8887734413146973
      ],
      [
        3.679603338241577,
        3.7452285289764404,
        2.699873447418213,
        0.0,
        3.405555248260498,
        3.424984931945801,
        3.064706325531006,
        3.5427024364471436,
        3.7189252376556396,
        3.741497039794922,
        3.7733356952667236,
        3.354534149169922,
        3.384099245071411,
        3.238337993621826,
        3.1345999240875244
      ],
      [
        3.6618595123291016,
        3.73307728767395,
        3.315321445465088,
        3.405555248260498,
        0.0,
        3.4445035457611084,
        3.4207236766815186,
        3.852508544921875,
        3.701782703399658,
        3.933349847793579,
        3.860758066177368,
        3.6574721336364746,
        3.7632155418395996,
        3.586017608642578,
        3.2834231853485107
      ],
      [
        3.81577467918396,
        3.6926918029785156,
        2.9731862545013428,
        3.424984931945801,
        3.4445035457611084,
        0.0,
        3.175206184387207,
        3.7528369426727295,
        3.7261483669281006,
        3.7864925861358643,
        3.885680675506592,
        3.205791473388672,
        3.697507619857788,
        3.349541425704956,
        3.208120346069336
      ],
      [
        3.6637356281280518,
        3.712850570678711,
        2.773716449737549,
        3.064706325531006,
        3.4207236766815186,
        3.175206184387207,
        0.0,
        3.6002824306488037,
        3.751507043838501,
        3.3894166946411133,
        3.179591417312622,
        3.410132646560669,
        3.187859058380127,
        2.779843330383301,
        3.3841805458068848
      ],
      [
        2.8449769020080566,
        2.534785032272339,
        3.518150568008423,
        3.5427024364471436,
        3.852508544921875,
        3.7528369426727295,
        3.6002824306488037,
        0.0,
        2.9896912574768066,
        3.760697364807129,
        3.6745717525482178,
        3.1663951873779297,
        3.5398330688476562,
        3.514116048812866,
        3.7134902477264404
      ],
      [
        3.260958433151245,
        3.027771234512329,
        3.533196449279785,
        3.7189252376556396,
        3.701782703399658,
        3.7261483669281006,
        3.751507043838501,
        2.9896912574768066,
        0.0,
        3.8906922340393066,
        3.8520147800445557,
        3.632094621658325,
        3.8749334812164307,
        3.7825491428375244,
        3.543631076812744
      ],
      [
        3.7598533630371094,
        3.6102993488311768,
        3.620152473449707,
        3.741497039794922,
        3.933349847793579,
        3.7864925861358643,
        3.3894166946411133,
        3.760697364807129,
        3.8906922340393066,
        0.0,
        3.634479522705078,
        3.4850871562957764,
        3.681213140487671,
        3.276533603668213,
        3.7327613830566406
      ],
      [
        3.712218999862671,
        3.7962827682495117,
        3.7480783462524414,
        3.7733356952667236,
        3.860758066177368,
        3.885680675506592,
        3.179591417312622,
        3.6745717525482178,
        3.8520147800445557,
        3.634479522705078,
        0.0,
        3.445678234100342,
        3.678032398223877,
        3.6000471115112305,
        3.9031996726989746
      ],
      [
        3.4303553104400635,
        3.2155113220214844,
        3.2513632774353027,
        3.354534149169922,
        3.6574721336364746,
        3.205791473388672,
        3.410132646560669,
        3.1663951873779297,
        3.632094621658325,
        3.4850871562957764,
        3.445678234100342,
        0.0,
        3.472574234008789,
        3.237840175628662,
        3.5199949741363525
      ],
      [
        3.6874518394470215,
        3.6995322704315186,
        3.4052882194519043,
        3.384099245071411,
        3.7632155418395996,
        3.697507619857788,
        3.187859058380127,
        3.5398330688476562,
        3.8749334812164307,
        3.681213140487671,
        3.678032398223877,
        3.472574234008789,
        0.0,
        3.1763033866882324,
        3.697488784790039
      ],
      [
        3.669905185699463,
        3.6388401985168457,
        3.211606979370117,
        3.238337993621826,
        3.586017608642578,
        3.349541425704956,
        2.779843330383301,
        3.514116048812866,
        3.7825491428375244,
        3.276533603668213,
        3.6000471115112305,
        3.237840175628662,
        3.1763033866882324,
        0.0,
        3.3958654403686523
      ],
      [
        3.59917950630188,
        3.6430230140686035,
        2.8887734413146973,
        3.1345999240875244,
        3.2834231853485107,
        3.208120346069336,
        3.3841805458068848,
        3.7134902477264404,
        3.543631076812744,
        3.7327613830566406,
        3.9031996726989746,
        3.5199949741363525,
        3.697488784790039,
        3.3958654403686523,
        0.0
      ]
    ],
    "chordal": [
      [
        0.0,
        2.0401856899261475,
        2.594421625137329,
        2.6829044818878174,
        2.6795456409454346,
        2.711442470550537,
        2.659841775894165,
        2.224461793899536,
        2.445849657058716,
        2.6841635704040527,
        2.6692161560058594,
        2.543782949447632,
        2.6637396812438965,
        2.6647722721099854,
        2.6546905040740967
      ],
      [
        2.0401856899261475,
        0.0,
        2.590517044067383,
        2.680521249771118,
        2.6942760944366455,
        2.668869972229004,
        2.6725552082061768,
        2.047279119491577,
        2.329392910003662,
        2.617642879486084,
        2.7110159397125244,
        2.47202730178833,
        2.673783779144287,
        2.65240740776062,
        2.669861078262329
      ],
      [
        2.594421625137329,
        2.590517044067383,
        0.0,
        2.185420513153076,
        2.5105063915252686,
        2.295372486114502,
        2.167405605316162,
        2.598677396774292,
        2.6221024990081787,
        2.638026714324951,
        2.6762278079986572,
        2.4976940155029297,
        2.538794755935669,
        2.4180309772491455,
        2.266111373901367
      ],
      [
        2.6829044818878174,
        2.680521249771118,
        2.185420513153076,
        0.0,
        2.548543930053711,
        2.5562620162963867,
        2.369755268096924,
        2.6007285118103027,
        2.687293529510498,
        2.6870861053466797,
        2.6914734840393066,
        2.558378219604492,
        2.5212337970733643,
        2.45314359664917,
        2.4434900283813477
      ],
      [
        2.6795456409454346,
        2.6942760944366455,
        2.5105063915252686,
        2.548543930053711,
        0.0,
        2.5693795680999756,
        2.5631985664367676,
        2.727555274963379,
        2.6791889667510986,
        2.7489070892333984,
        2.7429606914520264,
        2.6708590984344482,
        2.69046950340271,
        2.6261813640594482,
        2.484278917312622
      ],
      [
        2.711442470550537,
        2.668869972229004,
        2.295372486114502,
        2.5562620162963867,
        2.5693795680999756,
        0.0,
        2.403728723526001,
        2.693984031677246,
        2.685471296310425,
        2.702390432357788,
        2.729626417160034,
        2.459693670272827,
        2.679914951324463,
        2.512810468673706,
        2.434967279434204
      ],
      [
        2.659841775894165,
        2.6725552082061768,
        2.167405605316162,
        2.369755268096924,
        2.5631985664367676,
        2.403728723526001,
        0.0,
        2.6004271507263184,
        2.690182685852051,
        2.54703426361084,
        2.434422254562378,
        2.552309036254883,
        2.4083333015441895,
        2.227370023727417,
        2.479644298553467
      ],
      [
        2.224461793899536,
        2.047279119491577,
        2.598677396774292,
        2.6007285118103027,
        2.727555274963379,
        2.693984031677246,
        2.6004271507263184,
        0.0,
        2.349055528640747,
        2.671963691711426,
        2.642078399658203,
        2.4328503608703613,
        2.5738511085510254,
        2.571394205093384,
        2.6729226112365723
      ],
      [
        2.445849657058716,
        2.329392910003662,
        2.6221024990081787,
        2.687293529510498,
        2.6791889667510986,
        2.685471296310425,
        2.690182685852051,
        2.349055528640747,
        0.0,
        2.7327651977539062,
        2.7368557453155518,
        2.6483230590820312,
        2.7374207973480225,
        2.707465887069702,
        2.6125340461730957
      ],
      [
        2.6841635704040527,
        2.617642879486084,
        2.638026714324951,
        2.6870861053466797,
        2.7489070892333984,
        2.702390432357788,
        2.54703426361084,
        2.671963691711426,
        2.7327651977539062,
        0.0,
        2.628539562225342,
        2.5613484382629395,
        2.6708779335021973,
        2.4905285835266113,
        2.6870994567871094
      ],
      [
        2.6692161560058594,
        2.7110159397125244,
        2.6762278079986572,
        2.6914734840393066,
        2.7429606914520264,
        2.729626417160034,
        2.434422254562378,
        2.642078399658203,
        2.7368557453155518,
        2.628539562225342,
        0.0,
        2.535353660583496,
